-0.687731
0.3996
0.872329
1.10487
-0.427152
1.11408
1.03628
0.458807
0.796735
1.086
0.56375
0.374751
-0.60043
0.886157
0.766425
-0.835145
1.3995
-0.29734
0.164043
-0.210561
-0.028123
1.05376
-0.110933
-0.140098
-0.296526
0.582971
0.611174
1.00844
-0.335638
0.475547
1.95557
-0.704341
0.535845
-0.45787
0.356741
0.519388
-0.37958
0.660224
0.668597
0.509513
-0.44736
0.527675
0.804742
1.06486
0.275684
0.880083
0.677095
1.8337
1.06512
1.26073
0.318827
-0.333308
0.927027
0.120171
-0.158841
0.873174
-0.648648
-0.000401498
-0.207664
1.09576
-0.873091
-0.854046
-2.249
-1.38635
0.479492
-1.37966
0.599276
0.647164
0.656506
0.517951
-0.218613
0.462621
-0.106023
0.75886
0.926461
-0.843606
1.0485
-0.31797
1.43966
0.663215
0.802025
-0.286531
0.916583
-0.194541
-0.345853
0.62253
0.683829
-0.0885325
0.514598
0.488915
0.613481
-0.370868
-0.0368084
1.05729
0.285819
0.652849
1.05537
0.207127
-0.712725
-0.469792
-0.290752
0.888266
0.088031
0.955396
0.192418
0.240431
0.145862
0.976214
0.384471
-0.337499
0.674049
1.06409
0.4285
0.428596
-0.485681
-0.641638
-0.0408584
-0.920412
-0.215744
0.70161
0.458225
-1.25413
-2.43037
-1.1016
1.28196
0.211784
1.57288
1.12013
-0.972203
-0.698947
0.201941
-1.43952
-0.19295
-0.472553
-0.851978
0.308833
-0.296826
0.860097
1.22917
-0.372685
-0.328391
-0.856982
-0.289819
0.250982
0.546307
0.909864
-0.138541
-3.14685
2.17806
1.26419
0.627053
0.328222
-0.561718
0.869055
1.02709
0.0764414
1.79927
-0.496363
0.726282
0.941734
1.11364
-0.17286
0.420921
0.819505
-0.15926
0.978142
1.00188
-1.54384
-0.424916
0.25144
0.0346948
0.57965
1.53147
-0.312796
0.612475
0.708396
-0.00941053
-0.78944
0.638112
0.475714
0.403008
-0.862158
1.51828
1.25356
-1.99241
-0.25727
0.606305
-1.00136
-1.43713
0.231883
-0.458686
0.846142
0.645834
-0.125072
-0.153644
1.51078
-0.161963
0.865702
-1.48475
-0.774717
0.445265
0.0696168
0.449808
-0.755107
0.0988986
0.00227667
0.806045
0.549781
-0.244089
-0.318397
