0.0311167
0.647089
0.344666
0.608331
0.0795337
0.531037
0.487788
0.401942
0.255734
0.18958
0.466831
0.832533
0.00319604
0.645602
0.566796
-0.742955
0.716147
-0.273868
0.260134
-0.267262
-0.164472
0.26723
-0.162351
-0.190078
0.121934
0.217349
0.3179
0.418767
0.462182
0.610186
1.22261
-0.764243
0.129717
-0.262341
0.252733
0.144357
-0.129054
0.6282
0.812385
0.596396
-0.499275
0.430865
0.718559
0.515403
0.119503
0.381065
0.12221
0.551743
0.290802
0.78595
-0.0130193
-0.116742
0.745251
0.248512
-0.0928369
0.704623
-0.146572
-0.285544
-0.226191
0.763128
-0.456649
0.303632
-0.836008
-0.761472
0.393328
-0.633332
0.432932
0.048838
0.116061
-0.351
-0.591526
0.217885
-0.367049
0.716089
0.399619
-0.229848
0.671686
0.0581495
0.936193
0.668435
0.54481
-0.336042
0.285318
0.0325303
-0.273768
0.0591318
0.60591
0.0924487
0.564445
0.496489
0.574838
-0.224133
-0.454403
-0.217019
-0.105901
0.168833
0.327533
0.219114
-0.274896
-0.343342
-0.0572096
0.801198
0.541834
1.01009
-0.0642018
0.455945
0.406027
0.7006
-0.27779
-0.208821
0.109558
0.558037
0.554922
0.558887
-0.241596
-0.402349
0.379603
-0.347765
0.0627106
0.202383
0.678915
-1.01537
-1.11741
-2.35019
0.987054
-0.352805
-0.262371
0.873536
-0.535242
-0.708596
0.430171
-0.539163
-0.0486826
-0.190692
-0.489319
0.307008
0.322931
0.664549
0.273621
-0.164146
0.124693
-0.202979
-0.0110541
0.279534
0.580495
0.390777
0.534749
-2.16964
1.35685
0.17959
0.490695
0.606947
0.371561
0.706853
0.580432
0.23069
0.919466
-0.449478
0.339567
0.453414
0.709336
-0.0361302
0.306861
0.766339
-0.0664132
0.544338
1.1858
-2.0407
-0.225827
0.00951361
0.757497
0.559332
-0.134881
-0.196488
0.517076
0.706127
0.0254259
-0.328562
0.391341
0.396015
0.242388
-0.389002
0.838474
0.332572
-0.671249
-0.155091
0.632897
-0.464001
-0.819612
0.111639
0.553667
0.562651
0.120764
-0.0065976
0.749206
0.356535
0.143126
0.574062
-0.688701
-0.59373
0.424879
0.407854
0.879135
-0.0488162
0.798568
0.348943
1.05963
0.384193
-0.377007
-0.280955
