-0.859155
0.597358
0.360209
0.981462
-0.288737
0.532696
0.368633
-0.489146
0.018344
0.0142733
-0.0156436
0.717083
-0.351731
0.224958
0.383303
-1.03632
0.352505
-0.113092
0.136478
-0.464645
-0.175673
0.479953
-0.0972257
-0.248801
-0.254734
0.122032
0.278731
0.363672
0.803012
0.798039
1.13241
-0.576599
0.113585
-0.261465
0.261614
-0.0868153
-0.766372
0.362896
0.538779
0.602601
0.343026
0.20308
0.362546
0.181616
0.13249
0.373649
-0.445846
0.620107
0.064342
0.586115
-0.469856
-0.141462
0.898186
0.0374062
-0.0141964
0.619336
-0.724921
-0.885326
-0.424067
0.7724
-0.706801
-0.174829
-0.83699
-1.2213
0.59408
-0.803043
0.640086
-0.115687
0.138786
0.103262
-0.58237
0.25978
0.0611802
0.34823
0.312809
-0.391491
0.162952
-0.212987
1.06268
0.537538
1.14672
-0.209305
0.0757941
0.16828
-0.496351
-0.166762
0.431928
0.00168369
0.340084
-0.254667
0.0167109
0.163097
-0.51607
0.0470161
0.0694057
0.612307
0.265036
-0.00178704
-0.48902
-0.514649
-0.192592
0.433602
0.501066
1.0404
-0.61199
0.106164
0.34948
0.264852
-0.567003
-0.660504
0.0403972
0.677659
0.869181
0.665456
-0.594927
-0.835377
0.562541
-0.538832
-0.0865924
-0.314813
0.75308
-1.11018
-0.0533618
0.0245419
1.46651
-0.342972
0.480923
0.845446
-0.201913
-1.1329
0.68517
-0.525238
-0.435124
-0.497239
-0.351187
0.303062
0.554073
0.631876
-0.404172
-0.648841
-0.362139
-0.811527
0.192367
0.0761681
0.780853
0.605934
0.248386
-1.10443
1.05486
-0.188364
0.989932
0.241588
0.134783
0.815074
0.588807
-0.0988385
0.204802
-0.928416
0.570054
0.36524
0.620617
-0.153845
0.36529
0.822093
-0.512399
0.517426
0.428289
-0.382207
-0.699984
-0.361349
0.0544352
0.610441
-0.124561
-0.668895
0.38408
0.279032
0.0168674
-0.935916
-0.463579
-0.0506235
0.416913
-0.527437
0.368337
0.705807
-1.3664
-0.35411
0.811701
-0.569768
-1.18999
0.0364291
-0.132569
0.423284
0.1301
-0.0259549
0.188597
0.821862
-0.583977
0.282157
-0.831522
-0.515371
0.125821
0.72529
0.534685
-0.392521
1.19266
-0.413114
0.645152
0.518464
-0.108899
-0.454515
