0.619255
0.125885
0.366833
0.172485
0.313291
0.0506042
0.691363
1.31331
0.59518
0.0875854
0.438673
0.429315
0.267528
0.121483
-0.214812
0.579621
0.523741
0.465112
0.421739
-0.112213
0.0191293
0.488196
0.133521
0.643658
0.884123
0.268338
0.35622
0.0625157
0.408166
0.294305
0.460327
0.377028
0.370827
0.199084
0.4995
0.0354025
0.649307
-0.0430792
0.0249114
0.527868
0.311963
0.318718
0.5002
0.654013
0.218917
0.762623
0.324137
0.601164
0.914583
0.532554
0.615242
0.73431
0.140185
0.853676
0.37335
0.605537
0.267808
-0.0145019
0.491264
-0.0355507
0.234099
0.701649
0.306924
0.63003
0.2372
0.802353
0.383174
0.276443
0.588012
0.525784
0.363637
0.443392
0.521639
0.555798
0.533205
0.616199
0.208835
0.455625
0.42643
0.431289
0.258539
0.0891845
0.34251
0.608194
0.471601
0.485635
0.490109
0.885793
0.392094
0.36333
0.363104
0.227259
0.273502
0.636758
-0.241916
0.277402
0.512854
0.210575
-0.0776107
0.466356
0.737482
0.343411
0.369776
0.705762
0.33428
0.388041
0.561247
0.36823
0.220042
0.0300648
0.340312
0.071788
0.333924
0.502
-0.0500826
0.0938138
0.343299
0.118336
0.506728
0.225467
0.250056
0.490458
0.697832
0.574557
0.540638
1.11769
0.60187
0.612266
0.676722
0.349905
0.869423
0.359153
0.439562
0.872304
1.75421
0.803737
0.371992
0.408604
1.89124
0.510708
0.898792
0.235723
0.187516
0.695761
0.859709
0.890492
0.333726
0.22512
0.434509
0.558296
0.703006
0.154364
0.328127
1.03522
0.700366
0.932378
0.636366
0.419178
0.618001
0.247718
0.334896
1.09036
0.358917
0.513856
-0.00233359
0.503115
0.624294
0.527418
0.919496
0.747535
0.809994
0.793252
1.08223
1.32252
0.645744
0.900161
0.718529
0.363754
0.0562143
0.888565
0.404713
-0.039983
0.611612
0.388475
0.917391
0.805549
0.825259
0.812282
1.29565
1.15391
1.70813
0.182212
0.728708
0.0716711
0.223843
0.746813
0.697438
0.294054
0.623316
0.64282
0.476532
0.326118
0.173717
0.572353
0.746786
0.866664
0.115813
0.729566
0.227501
0.669057
0.487732
0.642162
0.322036
0.64297
0.458215
0.370704
0.909106
1.12982
0.165514
0.425047
0.4886
1.02942
0.360271
0.237677
0.610851
1.24293
0.135227
0.995312
0.411517
0.310568
0.22193
0.830838
0.332296
0.984228
1.02444
0.19063
0.38409
0.710287
0.434574
0.700346
