0.499109
0.072322
0.35704
-0.147409
0.00235369
0.0675145
0.411302
1.01134
0.0364011
0.102561
0.372958
0.36191
0.485934
0.00955453
0.280424
0.054328
0.356606
0.331561
0.377925
-0.344647
-0.0937995
0.720575
-0.149232
0.720314
1.49161
0.622257
0.575909
0.336287
0.370635
-0.0923394
0.100534
-0.00245099
0.0589038
0.251291
0.666895
0.0654995
0.788571
-0.0612342
0.144152
0.697137
0.542533
-0.182097
0.340884
0.81954
0.255474
0.679209
0.258603
0.622188
0.755093
0.325224
0.588587
0.344046
0.252932
0.369423
0.128155
0.0899951
0.256626
0.532009
0.127112
0.275654
0.263321
0.836481
0.2475
0.635258
-0.0315054
0.944601
0.649399
0.341419
0.0178704
1.1807
0.486899
0.670107
0.128332
0.62214
0.808937
0.101001
-0.0808231
0.346179
0.313283
0.412643
-0.259281
0.174634
0.0937175
0.544858
0.204465
0.038365
0.502454
0.704706
0.319799
0.222133
0.408363
0.100089
0.128207
0.955812
-0.0916426
0.476151
0.534998
0.311541
0.404831
0.477699
0.319786
0.904184
0.5863
0.108541
0.039068
-0.210746
0.22035
0.0138129
0.203127
-0.042235
0.365242
0.0309404
0.563066
0.40801
0.317273
0.0745
0.521277
0.117163
0.0512473
0.360549
0.313255
0.407341
0.822224
0.539984
0.475287
0.482704
0.274716
0.531463
0.485474
0.476055
0.481718
-0.318258
0.47226
0.14234
1.25631
0.130425
0.122629
0.363964
1.38511
-0.0580641
0.637742
0.361886
0.04684
0.3585
0.784058
0.626943
-0.16544
0.18863
0.808596
0.827218
0.793647
0.0889193
0.113802
0.871592
0.356963
0.304889
-0.037356
-0.010924
0.41104
-0.00735851
0.521886
0.613611
0.325373
-0.0448251
0.523323
0.403274
0.283765
0.565098
1.12733
0.640462
0.654663
0.616254
0.541721
0.540775
0.663916
0.568265
0.574487
0.324781
0.265556
0.319888
0.761902
0.318045
0.751723
0.348174
0.823921
1.0787
0.373981
0.282036
0.638484
0.497392
0.70982
0.252862
0.548415
0.316825
-0.158866
0.203275
0.788755
0.484109
-0.0155644
0.453498
0.177797
0.1669
0.176283
0.169784
0.676057
0.562051
0.0502386
0.734056
0.661308
0.16689
0.474308
0.273734
-0.0454833
0.7212
0.734957
0.731598
1.37118
0.735953
0.120961
0.331591
0.463655
1.29798
0.615088
0.0608981
0.166971
0.660508
0.523252
0.362351
0.428422
0.501565
0.260811
0.56487
0.198579
0.566854
-0.596588
0.112586
0.256666
0.737877
-0.145759
0.299383
