0.898152
0.123445
0.365357
0.582417
0.118579
0.309105
0.688663
1.98169
1.05656
0.365376
0.211461
0.842509
1.00678
-0.019525
0.72593
0.780391
0.663672
0.977919
1.02351
0.564493
0.840534
1.246
0.611409
1.08364
1.35507
0.557886
0.716117
0.464195
0.867371
0.971642
1.09587
0.453433
0.689444
0.0909016
0.399718
-0.102745
1.06417
-0.0452925
0.317957
1.23608
0.577393
0.513142
0.883951
1.23761
0.609522
1.77638
1.25611
1.24123
1.44461
0.772403
1.10743
0.969619
0.439065
1.62757
1.13838
0.55384
0.819674
0.473847
0.711615
0.416435
0.914188
2.13028
0.419743
0.923404
0.976618
0.821888
0.630863
1.05305
1.09159
1.69503
1.08484
0.476764
0.763876
0.765659
0.402338
1.40359
0.887311
0.894039
0.793071
0.753334
0.679785
0.389039
0.715562
0.406159
1.11742
0.781828
0.513998
0.307796
0.812415
1.11883
1.14806
0.145211
0.895328
1.43349
0.740485
0.35572
0.663103
0.306388
0.481187
0.560379
0.599636
0.445128
1.19749
0.954493
0.35013
0.513321
0.412078
0.387382
-0.0516732
0.52873
0.715508
0.630436
1.24544
0.470291
-0.0472588
0.320902
0.260206
0.0218229
0.636386
0.922861
0.950434
1.17692
1.42885
0.512882
0.498764
1.33347
1.40953
0.908444
0.904703
0.903377
1.60453
-0.246888
0.360873
1.06734
1.27628
0.592946
0.514386
0.485652
1.43482
-0.111922
1.16087
0.750355
0.349989
1.33087
0.866726
1.19034
0.543115
0.982917
0.419701
0.827478
1.09477
0.204081
0.953902
1.54383
0.92028
1.47963
1.37296
1.29719
1.9704
-0.0245012
1.33229
1.73918
0.706517
-0.0290753
0.610512
0.585604
0.643283
0.587224
1.31919
1.57373
0.977943
1.15996
1.63334
2.04064
1.01747
2.09985
1.28627
0.809159
0.540144
0.551848
0.681984
0.333665
0.609003
0.66694
1.5571
1.23819
1.20319
1.26494
1.92219
2.01058
2.72753
0.52819
1.32697
0.201477
0.683936
0.265879
0.90384
0.972298
0.659643
0.537967
0.972038
0.292576
0.043399
0.442417
0.802402
1.1759
-0.326838
1.14493
0.584289
0.865028
0.0133922
0.747044
0.0790496
0.935581
0.835264
0.989481
1.4702
1.89472
0.103263
1.1057
1.23144
1.58254
0.877184
0.42912
0.952368
1.87122
0.742611
0.923757
0.900555
0.335607
0.721669
1.4734
0.554526
0.945742
0.728776
0.883653
0.400355
1.52154
0.981236
0.772689
