-0.243034
0.54822
0.38342
-0.186974
1.37045
0.87278
0.459397
0.429229
1.16971
-0.261859
0.164651
0.412044
0.665498
0.482666
0.671439
0.914419
0.534096
1.04071
0.827405
0.72482
1.32368
-0.287296
0.92797
0.405321
1.03071
1.17766
0.0925018
0.199005
1.24155
0.379403
0.39582
0.633912
-0.0724315
0.552735
0.692503
0.519838
0.413373
0.189129
0.848453
0.392607
1.01226
0.742061
0.374231
0.338699
0.828619
0.309246
0.823026
0.912533
0.766654
0.832794
0.402808
0.799142
0.245011
-1.04253
0.731839
0.971045
0.0429382
0.897122
1.40801
0.709079
0.910053
-0.297927
0.809718
1.44678
0.149868
0.931747
0.860292
0.865654
0.328289
0.592749
0.700151
0.819987
0.112406
-0.520728
0.927091
0.466604
0.549522
-0.604083
0.829518
1.10789
0.497196
1.18477
0.383688
0.301233
0.787693
0.342278
1.25071
0.564573
0.544037
0.573041
-0.0611474
-0.0163516
0.310036
0.846542
0.115741
0.572564
1.18258
0.657832
0.861733
0.329838
0.128476
0.140927
-0.0851129
0.137789
0.498196
0.700892
0.269651
0.584886
1.31269
1.30867
-0.521795
0.119585
-0.292051
-0.117647
0.486034
0.387525
0.156135
0.492276
0.321297
1.4026
0.622842
0.962743
0.159987
0.690717
0.161503
0.569851
1.13724
0.849344
-0.0685922
0.774926
0.851759
0.449086
0.810301
0.353169
0.819793
0.635573
0.196468
0.170378
0.822035
0.552918
0.779006
0.33798
-1.23133
0.654273
0.00637107
-0.140644
0.151638
0.896758
0.859613
0.244146
0.654764
0.14065
0.347416
1.19645
0.659952
0.71116
0.163139
1.03285
0.164941
1.21403
0.728082
0.346659
0.69774
0.318982
-0.613091
-0.137569
0.902853
0.880235
0.154068
1.01339
-0.340351
0.391874
0.782726
0.27761
0.0895707
0.809048
0.12544
-0.0198583
0.47658
0.956168
0.454873
0.819506
-0.201061
0.850191
0.34613
0.680851
0.88086
0.25054
-0.14784
0.933607
0.104943
0.567026
0.321459
0.417205
0.748074
0.555471
0.499928
-0.385613
0.151564
-2.18246
0.933293
0.134896
0.222136
0.46177
0.869572
0.571011
0.595946
0.773147
1.06057
0.469416
0.486168
1.54375
0.616188
0.0116818
-0.06383
-0.258921
-0.0937428
0.895826
1.16717
0.580922
0.985925
1.08986
1.00834
-0.0311031
-0.641767
0.151114
0.520916
0.419167
0.26045
1.03309
-0.225032
0.548431
-0.141243
0.564008
1.17838
0.704974
0.912346
0.993293
1.02349
0.240956
