0.0692419
0.070753
-0.0786623
0.0953864
0.316152
0.359152
0.210718
0.213251
0.45154
0.019687
-0.250484
-0.128698
-0.212564
-0.346029
0.111816
0.461421
0.318901
0.507021
-0.413518
0.378002
0.52832
0.0682341
-0.0664001
-0.266301
0.389095
0.159183
0.13626
-0.222806
0.500304
0.000770378
-0.109974
0.368469
0.282295
-0.206303
0.408122
0.0945916
0.283536
-0.00138872
0.292731
0.245288
1.02482
-0.0349082
0.0455198
0.348153
0.367591
0.407418
-0.164976
0.038399
-0.0201832
0.0345473
0.0975122
0.319226
-0.16668
-0.955974
0.0970311
-0.0331371
-0.233058
0.161729
0.309964
0.227609
0.228911
-0.151499
-0.0908649
0.770881
0.154148
0.256294
0.172842
0.600678
0.0147706
0.352962
0.216674
0.0841338
-0.195231
-0.751326
0.0545402
0.0296317
0.182491
-0.807115
0.365422
0.522607
0.460514
0.442115
0.203464
-0.0472426
0.336627
0.262675
0.464496
0.455934
-0.169314
-0.029907
0.125667
0.344761
0.0590701
0.366028
-0.00457087
0.414046
0.335935
0.337035
0.0863667
0.387224
0.045596
-0.0272661
0.164253
-0.19217
0.525061
0.261842
0.36477
0.0318993
0.430071
0.121295
-0.143872
-0.124069
-0.0967796
0.385536
0.118985
-0.245332
0.305649
0.512183
0.32959
0.0598411
0.248416
0.452816
0.45948
0.43251
0.413562
0.19262
0.472848
0.220407
0.212845
0.41201
0.322876
0.244007
0.533146
0.146902
0.405094
0.417124
0.29083
0.20917
0.346943
0.264873
0.174379
0.0898941
-1.04021
-0.501937
0.146197
-0.393962
-0.116479
0.452326
0.306814
0.515671
0.550978
0.034725
0.28783
0.0882419
0.460258
0.0174587
0.469981
0.462218
0.249091
0.693605
0.191702
-0.082636
0.329641
0.0502614
-0.016913
-0.213813
0.900327
0.0872979
-0.075236
0.789273
-0.228807
0.345499
0.423543
0.0170649
-0.298948
0.491277
-0.0606147
0.207649
-0.195478
0.421605
0.300233
-0.0608985
0.18087
0.537025
-0.118901
0.238916
0.559107
0.135529
0.00568199
0.179626
-0.197214
0.470874
-0.204541
-0.0258248
-0.0360255
0.159789
0.246158
-0.0311292
0.319484
-0.826012
0.2957
0.285217
0.0383148
0.201532
0.23411
0.387539
0.731205
0.521229
0.471436
0.239413
-0.155211
0.451452
0.270663
0.143382
-0.173806
-0.189382
-0.418767
0.46223
-0.371151
0.0384469
0.420848
0.567427
-0.00553457
0.110329
-1.12738
-0.0472839
0.356227
0.276397
0.281435
0.742333
0.175074
0.518232
0.419333
0.773549
0.376151
0.296403
0.638239
0.588092
0.0958932
-0.138622
