-0.0349304
-0.080533
-0.099074
-0.108468
0.65451
1.11976
0.289506
0.634755
0.773615
-0.0803983
0.422334
-0.000739198
-0.256523
0.0593486
0.604414
0.603036
0.499097
0.390287
0.00385349
0.479802
0.566471
-0.0828553
0.508806
-0.0194223
0.836197
0.508399
0.240356
0.173347
0.778242
0.52761
-0.235228
0.776155
0.82373
-0.211364
0.342538
-0.0794125
0.636858
0.621008
0.574938
0.678213
1.25195
0.264089
-0.465916
0.798139
0.906109
0.350309
-0.0446809
0.481196
0.312493
-0.0994756
0.0518334
0.407866
0.0334287
-1.73329
0.233097
0.0385621
-0.0315202
0.187863
0.56481
0.105726
0.57096
-0.278499
0.132037
1.53529
0.407946
0.738951
0.196582
0.679144
0.179891
0.50605
0.658508
0.68919
-0.0662201
-0.686542
0.39615
0.440603
0.018155
-0.623879
0.508677
0.961704
0.720455
0.508561
0.287112
0.0430983
0.564937
0.576918
1.07339
0.728835
0.42573
0.558809
0.140054
0.0225359
0.703667
0.381355
0.0917538
-0.0279529
0.780458
0.699856
0.316026
0.432372
-0.378677
-0.311047
0.165261
0.289468
0.652718
0.473781
0.21899
-0.137869
0.575826
0.53864
-0.632544
0.425807
-0.217242
0.0427016
0.0926475
0.115423
0.508354
0.827687
0.141179
0.661975
0.501037
0.41913
0.112909
0.719588
0.322853
0.0715726
0.738994
0.491642
0.335034
0.525409
0.562309
0.272813
1.08056
0.271693
0.903085
0.753766
0.877477
0.266722
0.0855089
0.199016
0.556517
0.395907
-0.703577
0.091585
-0.329143
-0.313987
0.109784
1.01038
0.483622
0.524151
0.541634
0.69578
0.561378
0.310366
0.554927
0.513391
0.0449182
0.940002
0.506373
0.571542
0.303543
0.344274
0.862372
0.626165
-0.694883
0.161413
1.36468
0.497956
0.297805
0.705357
-0.475173
0.524496
0.490895
0.446431
0.184704
0.377638
-0.276231
0.33216
-0.200632
0.674425
0.606483
0.272965
0.304728
1.11418
-0.132939
0.637754
0.431621
0.355462
0.0323084
0.633884
0.120656
0.253431
-0.142948
-0.101568
0.124267
0.35697
0.0975908
-0.135507
0.312945
-1.13046
0.862022
0.194643
0.380339
0.306892
0.371708
0.828426
1.32808
1.13551
0.531702
0.753445
0.397897
1.52244
0.385914
0.216747
0.21423
-0.391254
-0.0709211
0.458173
0.0254131
0.815399
0.609208
1.14332
0.103024
0.146032
-1.04878
-0.0618171
0.443771
0.512451
0.891942
0.655158
-0.0421487
0.573377
0.764842
1.02608
0.700629
0.316129
0.81865
0.755853
0.709641
-0.0140047
