-0.508822
0.0444064
-0.109406
0.399931
0.549682
0.385358
0.663675
1.07013
-0.072419
-0.0902142
-0.0260147
-0.0111277
0.377331
-0.285508
-0.316929
0.741628
-0.385397
-0.132664
-0.115818
-0.676056
-0.315381
-0.597732
0.0999909
0.37526
0.0931839
-0.382073
0.505737
0.310422
-0.0992418
0.468696
0.72813
0.204721
0.936295
0.970496
-0.31491
-0.203914
0.0677825
-0.315444
0.486702
0.132916
-0.232791
-0.754935
-0.84473
-0.268831
-0.35341
-0.515616
-0.333368
0.108172
0.062592
0.327875
0.249994
-0.0499102
-0.197079
0.33462
0.211656
0.666236
0.120366
-0.412333
-0.118159
-0.257818
-0.414859
0.0665813
-0.461293
-0.364373
0.658912
-0.640867
0.159023
-0.323461
-0.287894
-0.526111
-0.876774
-0.404081
-1.34128
-0.353451
-0.619601
0.299957
-0.0602349
-0.0598177
0.0778252
-0.259398
0.130405
-0.0934232
0.638112
0.110309
0.115787
0.83161
-0.569403
0.0555695
0.216642
-0.0414794
-0.0259807
-0.0874964
-0.837517
-0.202864
-0.690641
-0.672155
-0.32451
-0.411005
-0.625035
-0.442591
-0.580117
0.109357
-0.138087
-0.606923
-0.493765
-0.407849
0.558279
-0.423998
0.0662239
0.268058
-0.0882902
-0.839988
0.281846
0.490781
-0.339007
-0.00994349
0.332296
0.499846
-0.210802
0.694183
-0.505814
0.500236
0.104033
0.335785
0.608827
-0.573065
0.860517
0.446625
-0.200491
0.664011
-0.723246
-0.267856
0.0836686
-0.453603
-0.928091
-0.462911
-0.759444
0.33748
-0.037232
-0.446767
-0.290846
-0.598975
-0.509379
-0.22022
0.0328253
-0.444426
-0.320005
0.0182122
-0.230298
0.330566
0.55121
0.0373468
0.478871
0.0455917
0.893333
-0.15771
0.168298
0.265906
0.560009
0.665343
-0.104575
-0.436429
-0.0279554
0.121087
0.13336
-0.569658
-0.578312
0.182574
0.230485
-1.27197
-0.118762
-0.0631774
0.0824103
0.246011
-0.151615
-0.48082
-0.244381
0.0807779
0.746897
1.09262
-0.000408826
0.604938
0.289767
-0.146141
0.147606
0.599671
-0.537123
-0.373531
0.48327
-0.188845
0.270403
0.108943
0.607522
-0.641941
0.0934952
-0.0811475
0.363513
0.151627
-0.224941
-0.911866
1.0041
-0.530747
-0.00573398
0.115482
-0.247133
-1.05735
-1.30997
-0.0525639
0.343512
-0.0548079
0.227663
0.399516
0.158889
-0.883746
0.265912
0.228019
0.351515
0.363879
-0.128136
-0.397479
0.00114138
0.264889
0.82554
-0.275626
-0.195203
0.204381
0.187645
0.160142
0.168701
-0.584965
0.439267
-0.146404
0.216887
0.0981835
0.904133
0.421513
0.796025
0.664787
-0.0957314
0.309612
