0.644923
0.76031
0.0981948
0.666858
0.162568
0.757323
0.602866
0.940286
0.25995
0.522013
0.21697
0.0456824
0.656808
0.432975
0.371019
0.453944
0.446582
-0.27113
1.7605
-0.0113162
0.896948
0.186787
1.64891
0.315997
0.775186
-0.245372
1.26567
0.286993
1.01783
0.483643
0.474512
0.203212
0.952729
0.860046
-0.0891278
-0.190377
0.63528
1.00125
0.730133
1.43907
0.453568
-0.221747
-0.0763562
1.55367
1.38271
0.329657
0.0295771
0.265721
0.705393
1.40443
1.86435
-0.0698029
0.207109
1.07703
1.21025
1.89576
0.325319
0.0486137
0.206603
-0.0689492
0.857173
0.327311
0.0177114
0.373684
0.847751
0.923106
0.493612
0.0771961
2.08388
0.869696
-0.174289
0.137979
-0.760612
1.62875
-0.343451
0.771553
0.609678
0.503207
1.38228
0.090308
0.844588
0.353302
0.794008
0.554532
0.602043
-0.284533
0.0740064
0.508553
0.614923
1.16847
1.20017
0.859752
0.828616
0.259979
0.539695
0.967849
0.561804
1.2344
0.00266755
1.9334
0.561707
0.109296
0.0565699
0.506101
1.30497
0.45246
0.0278548
1.11989
0.809152
0.588011
0.827886
-1.08839
0.730922
1.32978
1.18451
0.636603
1.50324
0.95215
-0.812903
0.368766
0.804976
0.676993
0.333575
0.667624
1.54966
0.532079
1.12791
1.16138
0.0784498
0.511827
0.727494
1.94522
1.08582
1.25716
0.542783
-0.109454
-0.283552
0.764731
0.251624
0.59565
0.36287
0.423381
0.530023
0.78501
0.859171
0.471759
0.00403478
0.162843
0.649789
1.40976
2.26791
1.16968
1.1111
0.516005
0.183539
0.548397
0.662701
0.868355
0.678769
1.50256
0.569701
0.372696
1.04694
0.195943
1.51536
1.58474
0.442488
0.85509
-0.132923
-0.0420601
0.841066
1.91264
0.285248
0.392015
-0.495332
0.33953
0.0838908
1.25158
1.32079
1.34991
1.85101
2.76263
1.65334
-1.34844
1.8573
0.747827
0.93831
2.39203
2.20655
-0.0591555
2.59177
1.09513
0.837572
-0.539239
0.712597
0.96984
1.22452
1.22436
0.216056
-0.887551
1.53422
2.20031
1.94793
-0.586955
0.497707
-0.203557
-2.32726
1.22712
0.848985
0.730697
0.972354
0.385971
0.950232
-0.915029
1.5317
0.384176
0.664798
1.33269
0.421954
0.530448
1.97321
1.34498
1.83549
-0.673639
0.0735141
0.244704
-0.0443988
0.600345
1.06876
0.30597
0.83394
0.334149
2.10345
0.361784
1.73394
1.43476
1.39966
1.68351
1.38454
0.203195
