-0.105634
0.306514
-0.58694
0.0949665
0.435919
-0.114073
0.245649
0.583687
0.0743454
-0.0955389
0.252875
-0.0400524
0.037215
0.0435515
0.174798
0.170366
-0.529445
-0.190825
0.43951
-0.518834
0.400085
-0.396961
0.870868
0.14033
0.230157
-0.0128157
0.310046
0.0464402
0.0522485
0.532285
0.177972
0.561888
0.354882
0.571705
-0.0285037
-0.0553858
0.270588
0.599588
0.710071
0.481331
0.00748112
-0.833486
-0.123071
0.149535
0.359248
-0.0509961
0.417086
-0.0299373
0.340658
0.829034
0.738709
-0.680448
-0.688019
0.673815
0.0687935
1.07272
0.229109
-0.131565
0.372668
-0.0927121
0.21924
0.303029
0.0410626
0.293881
1.03936
-0.349315
-0.261245
-0.142984
-0.0428738
-0.260243
-0.507926
-0.491735
-0.860339
0.287835
-0.580795
0.605066
0.369685
0.46294
0.0226836
-0.0997519
0.472375
0.0384597
0.653159
0.507024
-0.662454
0.252712
-0.151952
-0.0717849
0.583549
0.298254
0.494649
0.513691
0.469366
0.524623
0.0129995
0.722331
0.407772
0.247313
0.396106
0.652313
0.165605
0.344407
-0.216317
-0.0770896
0.146146
0.336998
0.464299
0.469077
0.201154
0.096234
-0.185934
-0.651769
0.536498
0.615903
0.204508
0.240085
0.726127
0.650532
-0.632191
0.550006
0.534331
0.395326
0.51122
0.557419
1.27882
0.348638
0.770498
1.42271
0.326068
1.00025
-0.59899
0.586504
0.155829
0.301524
-0.184916
0.0619223
0.432187
0.200527
-0.272036
-0.124077
-0.362247
-0.0988523
-0.00942486
0.45765
0.092894
0.137792
-0.0711571
0.402393
-0.441611
1.07654
0.858994
0.692177
0.33981
0.672497
0.365382
-0.295745
0.106804
0.485946
0.175593
0.57427
0.528708
0.0567911
0.797022
0.27316
0.432406
-0.0278774
0.0904684
0.0425107
0.0595804
-0.260828
0.483688
0.555106
1.12263
0.217425
-0.609847
-0.043476
-0.0673808
0.391242
1.03079
1.12428
0.600018
0.989108
0.533795
-0.275468
0.974386
0.660915
-0.0168183
0.584311
1.03905
-0.0542182
1.53387
0.214578
0.614504
-0.703554
0.0444249
-0.741588
0.649581
0.638141
0.181794
-0.673163
0.968977
0.00608169
0.360166
0.697251
-0.159657
-1.03365
-1.41614
0.8572
-0.0232561
0.371189
0.758935
0.443311
0.87357
-0.211432
0.276824
0.0164089
0.0272926
0.512457
0.6732
-0.270839
0.509771
0.317458
1.47503
-0.00560269
-0.053769
0.315989
0.444414
1.15997
0.46198
-0.475782
0.549289
0.310845
1.03738
0.164416
1.38248
0.851927
0.718915
0.489337
-0.173213
-0.260547
