0.765787
0.0590649
0.0432865
0.531516
0.118134
0.0620693
0.210095
0.591461
0.324585
0.708547
0.240173
0.0415017
0.362367
-0.023696
0.357254
-0.0452545
-0.0359021
0.218045
0.101538
0.165957
0.0336171
0.820494
-0.36741
0.2467
0.362203
0.261586
0.291617
0.59002
0.137437
0.483903
0.15443
0.488447
0.197756
0.122464
0.223394
0.487082
0.691591
0.141753
0.180112
0.290773
0.517681
0.598791
-0.08065
0.740295
0.536648
0.0850585
0.414194
0.457457
0.106127
0.338977
0.435724
0.209014
0.368902
0.313272
0.260296
0.0664111
0.766933
0.578868
0.526625
-0.010448
0.00234995
0.327559
0.491034
0.377099
0.0444621
0.142336
0.430905
0.464251
0.357899
0.407749
0.245197
0.488923
0.560634
0.348734
0.386754
0.118574
0.146504
0.153139
0.205694
0.968413
0.331393
0.421765
-0.0641812
0.289601
0.079403
0.61316
0.1899
0.493713
0.53728
0.399174
0.65192
-0.0192366
0.230772
0.34002
-0.618914
0.172625
0.185478
0.461482
0.140618
-0.0849048
0.357483
0.364379
0.434174
0.350227
0.284412
0.358629
0.468218
1.07724
0.36629
0.547083
0.00359662
0.154411
0.0794207
0.248799
-0.268622
0.198961
0.670457
0.192006
0.221661
0.617515
0.33798
0.0556029
0.467007
0.0675352
0.135372
0.124675
0.0759183
0.318766
0.182086
0.1775
0.756646
0.193931
0.424926
0.444601
0.0024966
0.654503
0.252893
0.24832
-0.173791
-0.0106777
0.474937
0.528119
0.308078
0.420182
0.601598
0.167849
0.194586
0.570479
-0.134327
-0.456525
-0.240314
0.276238
0.225716
0.180684
0.0863999
0.621227
0.106128
0.377212
0.344028
0.222085
0.271765
0.449984
0.456978
0.296609
-0.246642
0.515237
0.236474
0.626584
0.499102
0.609579
0.434573
0.361105
0.775334
0.735593
0.263305
0.257779
0.0842869
0.69657
0.351783
0.0971267
0.200859
0.376186
0.640347
0.416612
0.120393
-0.181013
0.518785
-0.199293
-0.249342
0.486463
0.517212
0.440937
0.0901364
0.338209
0.415816
0.416156
0.266247
0.119906
-0.0464264
0.186786
-0.0945354
0.346345
-0.0238019
0.013136
0.415946
0.0503711
0.440718
0.308166
0.870981
0.0407291
0.382637
-0.141506
0.485335
0.736759
0.288251
0.471027
0.455784
0.46146
0.780303
0.139982
0.40364
0.312206
0.405118
0.290436
0.325676
0.575814
0.426342
0.331841
0.426572
0.396064
0.46744
-0.0273797
-0.285647
0.385228
0.462972
0.448857
-0.0243198
0.300722
-0.0232763
0.128229
