0.485268
-0.13835
0.0546529
0.328768
0.233339
0.266391
-0.0324445
0.415033
0.373036
0.554074
0.0365985
-0.0468664
0.541362
0.284309
0.211428
0.0839269
0.256583
-0.196802
0.510163
0.534568
0.00949448
0.498602
-0.00789971
0.24141
0.237883
0.0632166
0.291293
0.583096
0.284128
0.276092
-0.114391
0.48652
0.277501
0.018846
0.141044
0.193034
0.193135
0.392025
0.208752
0.356889
0.774021
0.577574
0.277383
0.636709
0.514413
-0.0559604
0.65804
0.306566
0.368514
0.16266
0.502125
0.26168
0.15512
0.557193
0.00593274
0.518366
0.699105
0.3592
0.384155
0.298373
0.503603
0.517175
0.482182
0.61483
0.0157972
0.180352
0.328206
0.503086
0.541682
0.174631
0.63598
0.497615
0.624052
0.329937
0.342091
0.163794
0.0631644
0.485834
0.368701
0.77109
0.731322
0.615021
0.18825
0.0329924
0.109119
-0.181715
-0.220702
0.38957
0.526728
0.173759
0.535706
0.00451211
0.157356
0.16047
-0.295656
-0.150981
0.559915
0.167213
0.162552
-0.176901
0.445384
-0.0403267
0.423937
0.307489
0.335233
0.531699
-0.00397157
0.705769
0.111417
0.147659
0.174538
0.00403953
0.540428
0.20845
-0.0678497
0.0568915
0.555657
0.098539
0.50405
0.00684741
0.349114
0.0744212
0.135842
-0.0177342
0.0932291
-0.152658
0.263656
0.244145
0.0828257
-0.0446271
0.150267
0.0357281
0.207074
0.405673
-0.491407
0.367749
0.0173752
0.277032
0.161238
0.0409618
0.502315
0.361558
0.505516
0.340576
0.677289
0.328329
0.367523
0.794256
-0.0275837
-0.0503825
0.820506
0.836658
0.557333
0.677353
-0.0278715
0.574679
0.289353
0.429895
0.046214
0.56935
0.576757
0.415978
0.645669
0.221093
0.0336421
0.641155
0.59
0.863415
0.585364
0.321173
0.293669
0.489134
0.839601
0.599985
0.472062
0.562613
0.0919923
0.446428
0.312031
0.338884
0.867716
0.339962
0.46955
0.345105
0.0298041
0.467399
0.875696
0.353402
-0.253793
0.132622
0.74716
0.662033
0.493001
0.502804
0.687445
0.71687
0.204384
0.429623
-0.0566953
0.408892
0.00765493
0.488512
0.103575
0.540253
0.420716
0.405285
0.650673
0.102173
0.246743
0.193106
0.276411
0.0207663
0.763336
0.507408
0.212942
0.588292
0.384991
0.370109
0.744208
0.479922
0.578335
0.174525
0.875832
0.466488
0.15404
0.535243
0.657303
0.569851
0.530948
0.51077
0.663311
0.29521
0.27309
0.592586
0.450219
0.620315
0.476471
0.208975
0.237168
0.511882
