0.499485
-0.196158
-0.16544
0.144659
0.180479
0.0322645
-0.0537706
0.512895
0.286546
0.406517
-0.0498877
0.0573915
0.320243
-0.0126095
0.293626
-0.152942
0.204163
-0.260412
0.192814
0.235576
-0.079383
0.439611
0.097018
0.163666
0.353792
-0.115827
0.190565
0.640426
0.00224235
0.242774
-0.311579
0.463688
-0.0373302
0.0718108
0.0469366
0.240994
0.204126
0.129664
-0.190682
-0.0205506
0.553967
0.182702
0.13824
0.377539
0.227628
-0.0622273
0.256858
0.137031
-0.224219
-0.116778
0.204158
-0.0147283
0.406665
0.103496
-0.0666696
0.3429
0.239728
0.242464
0.217568
-0.0996834
0.179948
0.101366
0.295295
0.314914
0.198925
0.0206413
-0.116815
0.136437
0.186804
0.197919
0.379905
0.456217
0.430107
0.188759
-0.111617
-0.00876129
-0.0604582
0.0115467
0.131557
0.508033
0.353846
0.108545
-0.065365
0.105796
-0.147941
0.00652507
-0.481371
0.229165
0.413444
0.138361
0.443888
0.127917
-0.0603205
0.146479
-0.100026
-0.0268944
0.37464
0.259737
-0.0853165
-0.256178
0.299877
0.0999605
0.074984
0.242554
0.26145
0.419752
0.0960388
0.624506
0.286028
0.153806
0.245478
0.178241
0.436576
0.166833
-0.450638
0.0925472
0.38352
-0.10344
0.0191856
0.237164
0.396978
0.00555371
0.428448
-0.164736
0.22768
0.0164161
0.297147
0.114387
-0.0382702
0.163736
0.418046
-0.106978
0.232835
0.447259
-0.259955
0.250563
-0.102382
0.133464
-0.157307
-0.124294
0.222687
0.162425
0.280787
0.226354
0.495389
0.393383
-0.183158
0.570968
-0.0521063
-0.299392
0.254924
0.274053
0.262819
0.159722
-0.233637
0.437956
0.285451
0.238853
-0.032065
0.211852
0.254285
0.19608
0.329862
0.258927
0.230247
0.137183
0.143878
0.607222
0.0853256
0.139235
-0.0472705
0.672101
0.522463
0.457958
0.218382
0.583344
0.181678
0.191869
0.163641
0.177915
0.214977
-0.0558396
0.289405
0.0839267
0.00807079
0.110743
0.514586
-0.00298362
-0.183363
-0.0507464
0.367436
0.0851255
0.170814
0.10036
0.276339
0.432842
-0.0534109
0.0606897
-0.294033
0.286338
-0.0498782
-0.0774644
0.506588
0.63693
0.110857
0.16647
0.228938
-0.139508
0.240517
0.0195298
0.476841
0.0158598
0.405758
0.609763
0.0772549
0.250551
0.12513
0.310446
0.526059
0.306615
0.0859545
-0.0988621
0.465917
0.188389
-0.147476
0.316089
0.14807
0.303792
0.307515
0.304961
0.581265
0.0143778
0.00582784
0.0415543
0.0770924
0.218454
0.142128
0.246494
0.00613292
0.484819
