-0.69885
0.435212
0.128938
-0.6648
0.198437
0.5706
-0.00133879
-0.364912
-0.00697029
-0.0423653
0.060659
-0.265574
0.40403
0.659852
-0.412394
0.362787
0.109275
0.876463
0.435137
0.118444
0.177639
0.069153
-0.713321
0.261046
-0.19794
0.516033
0.85392
0.658368
0.439061
0.50436
0.219378
0.557007
-0.985374
0.582017
0.525063
-0.413973
0.0237416
-0.0493266
0.262447
0.486007
-0.371003
0.538586
-0.409685
-0.316827
0.473946
-0.128507
0.0150186
0.4226
0.542191
0.28941
-0.0865822
-0.385843
0.126332
0.773494
0.0892457
-0.383408
0.308733
-0.886306
0.0940738
0.267339
-0.033663
-0.446469
0.577307
0.522393
-0.28254
-0.710473
-0.00186614
0.146249
0.249388
-0.0329973
-0.171047
0.544726
0.0537771
0.0226054
0.431494
0.413218
0.594952
-0.479729
0.524834
-0.0204252
0.384428
0.992124
0.785282
-0.319762
0.0070295
-0.00766115
0.486658
0.790823
-0.155408
-0.215358
-0.403468
-0.483382
0.166132
-0.110698
-0.388926
0.611462
0.834188
-0.296961
-0.248932
0.898821
0.0934633
0.580956
0.11009
0.676146
-0.0932138
-0.312398
1.16129
0.22734
0.253948
0.531691
0.0049528
0.0645848
0.302339
0.949211
-0.165539
-0.36931
0.814
0.218688
-0.382613
-0.269095
0.371383
0.52208
0.211348
-0.391145
-0.524489
0.833336
0.0784251
0.0108919
0.834034
-0.580304
1.16558
0.560471
0.106146
-0.219303
0.662069
0.48315
0.12802
0.0342802
0.264812
0.369017
0.0695417
0.593303
0.728598
0.00358918
-0.421771
0.00461211
0.258707
-1.27896
0.659258
-0.00521162
-0.432962
0.595635
0.409018
0.731737
1.0458
0.315285
1.0719
1.21696
0.684613
0.705809
0.861748
0.417432
-0.184765
0.19255
-0.14258
0.0980324
-0.0658485
0.257841
0.659376
0.331474
-1.10964
0.339602
1.07928
0.649998
0.417215
0.323203
1.38652
0.327068
0.768649
0.521071
0.256856
-0.671339
0.773501
-0.048863
0.363444
0.0852041
1.29185
0.115707
0.221436
0.485475
0.506087
0.389001
0.882277
-0.00678794
-0.156731
0.408859
1.06841
0.695285
1.08373
0.533545
0.965542
0.0612365
0.39242
0.259189
0.952706
-0.379189
0.453455
0.423262
1.04005
0.797595
0.686332
0.81464
0.863384
0.316825
0.803209
0.36418
0.349298
0.517305
0.514555
0.644248
0.664211
0.323948
-0.731887
0.283738
0.533664
-0.174026
1.03373
0.457253
0.6854
0.893842
1.05852
0.760468
0.485847
0.439285
1.1328
-0.101701
0.884895
0.854125
0.560499
0.987797
