-0.194221
0.358209
0.788584
-0.22754
0.587435
0.898137
0.974135
0.403548
0.525661
0.801529
0.979334
0.0650734
0.696522
0.760352
0.557015
0.496721
1.09562
1.62874
1.41241
1.33295
1.01665
0.356281
-0.627588
0.796615
0.0757712
1.16351
1.28191
1.42406
1.10394
1.10689
0.91195
1.68995
-0.491293
0.553604
1.25933
-0.507313
0.556852
0.720474
0.467429
0.805983
0.11064
0.613577
0.397039
0.598195
-0.172478
0.224517
0.668527
1.14294
1.02803
0.631565
-0.248491
-0.182025
0.527385
0.884126
0.652046
0.587006
1.05167
-0.566239
1.31741
1.12444
0.314962
0.13758
1.62997
1.12683
0.550347
0.136814
0.0391141
0.381531
0.63891
0.599004
0.462636
0.699071
0.749555
0.762775
0.429411
1.08156
0.438177
0.131972
1.05264
0.111119
1.08454
0.683345
1.19408
0.207293
0.836639
0.664091
1.3038
1.26267
0.470933
0.282828
0.147755
0.0787298
0.865521
0.410278
0.777885
0.894691
1.10403
0.0580841
0.116462
1.66357
0.396574
1.57613
-0.024186
1.10883
0.128716
-0.0385711
1.22325
1.02718
0.402733
0.566131
0.0892903
0.499812
1.21444
1.82911
0.26206
0.641625
1.74527
0.776317
-0.356294
0.132612
1.28813
0.913558
1.01665
-0.598611
-0.324159
1.43611
0.938327
0.493598
1.32012
0.456468
0.343746
0.534631
0.608082
-0.0957047
1.39733
-0.0634448
0.602089
0.0388172
0.460868
0.776253
0.494662
0.928603
2.05198
0.555927
0.348572
0.186311
0.982344
-0.0434482
0.85275
0.416575
-0.269342
0.983068
0.308931
0.617095
1.36527
0.331978
1.35306
1.76656
1.89005
0.602232
1.44602
0.630955
0.20585
0.687623
0.735157
0.445692
0.48835
0.189393
1.2099
0.910642
-0.0140039
0.914285
1.85438
1.42487
0.728983
0.891376
1.42032
1.05653
1.17758
1.45809
0.775101
-0.981329
1.49694
0.830761
0.609367
-0.132209
1.93767
0.12167
1.13101
0.552057
0.802182
0.834987
1.86482
0.174405
-0.448431
0.908193
0.758898
0.99203
0.662827
0.471
1.61196
0.582488
0.680255
0.573089
0.772725
0.253664
0.392744
0.787233
1.05735
0.700131
0.632875
1.06537
1.19118
0.220784
1.10663
0.573137
0.557485
0.223407
1.05035
1.11603
1.16254
0.150928
-0.401228
0.418393
1.09346
0.358326
0.85781
0.0532732
0.515767
0.924509
1.80582
0.767564
1.23048
0.854318
0.820496
0.284646
1.72427
0.739972
1.29242
1.70887
