-0.209743
0.516273
0.401628
-0.658671
0.140986
0.435538
0.234271
0.211467
0.491931
0.280271
0.418098
0.03605
0.530511
0.416893
-0.204065
0.62732
0.424187
0.782543
0.692967
-0.177604
0.396926
0.0718954
-0.293505
0.144446
-0.02186
0.478093
0.0994182
0.720309
0.440589
0.359907
0.435834
0.678961
-0.171634
0.0197532
0.47697
-0.280563
0.371657
0.329441
0.0470836
0.323033
-0.113538
0.0325671
-0.232067
0.161603
-0.0114123
-0.13409
-0.26509
-0.00756137
0.247142
0.146206
-0.424559
-0.0370517
0.298841
0.392212
0.158805
0.19376
0.302521
-0.408221
-0.0152674
0.0334146
0.124589
-0.389989
0.300831
0.230428
0.0256994
-0.0434892
-0.0135683
0.0251913
0.442694
-0.152466
0.237481
0.699528
-0.129261
-0.0776653
0.202398
0.208721
0.132531
-0.102636
0.388654
0.0332633
0.603557
0.522721
0.527124
-0.327693
0.0843137
0.0741651
0.597941
0.904442
0.0061641
-0.0609257
-0.429943
-0.188494
0.321883
0.0507021
0.149977
0.669547
0.586861
-0.0613889
-0.251425
0.943251
0.0145807
0.849723
0.304003
0.593416
0.0193252
0.0171244
0.750151
0.527276
0.085135
0.245175
-0.100111
0.449572
0.419833
1.30984
0.15329
-0.263807
0.359292
-0.0406285
-0.151588
-0.0583342
0.0654789
0.224134
0.388733
0.139436
-0.263938
0.976691
0.635744
0.5141
0.336796
-0.00879463
0.454021
0.210571
0.514672
0.306171
0.487453
0.160452
0.18635
0.0771492
0.503514
0.210033
0.131607
0.307432
0.664845
-0.0154246
0.491835
0.312127
0.445625
0.101222
0.707104
0.0994385
-0.0793019
0.505911
0.569442
0.475341
0.84165
0.112576
0.502106
0.947065
0.394839
0.388572
0.127897
0.151869
0.0279422
0.296552
0.283556
-0.00548768
0.258379
0.49343
0.828479
0.34169
-0.259646
0.43826
1.1728
0.725957
0.332587
0.328259
1.31754
0.1998
0.501773
0.517629
0.373838
0.125006
0.781275
0.454512
-0.0749334
0.169976
0.98026
0.333546
0.647069
0.793038
0.364679
0.900697
0.591372
0.170202
-0.0177669
0.277717
0.592734
0.638081
0.265111
0.584522
0.622126
0.460834
0.399756
0.36238
0.753134
-0.0718304
0.0536573
0.489859
0.913358
0.895335
0.562645
0.82256
0.620151
0.079482
0.445922
0.523391
0.138678
0.29926
0.359005
0.392605
0.615453
0.346671
-0.0411356
0.235101
0.141725
0.00472779
0.735152
0.4903
0.60936
1.02023
0.526229
0.472071
0.351945
0.416675
0.596937
0.253424
0.958458
0.689415
0.434199
1.1019
