-0.00529681
-0.125486
0.161064
-0.113801
-0.107594
0.406449
0.402682
-0.155922
0.276483
-0.157045
0.228129
-0.0468485
0.107682
-0.105459
-0.318504
-0.0247394
0.448907
-0.44609
-0.157204
-0.0831443
0.300743
-0.0173436
1.05371
0.221791
-0.276878
0.19124
0.051672
0.37972
-0.833042
0.318493
0.394754
0.659532
0.0397491
-0.00370858
-0.0215854
0.588926
0.262551
0.207473
0.0858298
0.240711
0.389527
0.0818677
-0.0156056
0.153074
0.183974
-0.13934
-0.299549
-0.0627808
-0.0526086
-0.11242
0.0157636
0.451183
0.247362
0.224322
0.21311
0.178399
0.165461
0.554748
-0.0267402
-0.510341
0.359292
0.0916868
-0.449803
0.0882114
0.0502385
0.536244
0.33211
-0.784853
0.155427
-0.136036
0.410179
-0.327871
0.432001
0.361665
0.215816
0.0456911
0.160792
0.0232597
0.0889412
0.212669
0.113334
0.292337
0.291879
0.626234
0.0253908
0.330294
-0.00451082
0.553392
0.0160632
0.187721
0.11367
0.340301
0.44637
0.166084
0.381855
0.483447
0.31442
0.371273
0.269797
0.111206
-0.142929
0.934252
0.458997
0.493939
0.566486
0.595682
-0.406547
1.17576
0.366392
1.22912
0.273084
0.231164
1.03347
0.218242
0.170414
0.0347119
0.249942
0.127556
0.0710333
0.112228
0.181623
0.317801
-0.21755
0.618049
0.61355
0.495499
0.320486
0.405236
0.245766
0.424926
0.0684793
0.417063
0.154834
-0.423788
0.478278
0.176555
0.00781512
0.198746
2.00487
0.7312
1.70036
0.616412
0.361769
-0.0862178
0.11307
-0.0699263
0.410985
0.595486
0.987168
-0.674329
0.655102
0.479752
0.716773
0.557528
0.465035
0.159577
0.547213
0.0896445
0.337247
0.539391
0.0270399
0.280186
0.291579
0.616748
1.40698
0.0932792
0.660629
0.0977585
0.523144
0.0783637
0.886425
0.686757
0.0653316
0.0666951
0.0400611
0.19195
0.170578
0.228006
0.313431
-0.397879
-0.059433
0.0249756
-0.288066
-0.00212219
0.178355
-0.415914
0.202713
-0.312546
-0.159869
1.6408
0.348178
0.299604
0.483225
0.473187
0.239575
0.459782
0.0755969
0.183536
0.146
0.280486
0.409503
0.316423
0.191608
0.396299
-0.0628974
0.354347
0.127972
-0.145576
0.331835
0.469973
-0.73357
0.215812
0.364141
0.219663
0.0597706
-0.0200943
2.01583
-0.0158573
0.0741703
0.282202
0.450031
0.0284459
0.565154
0.210684
0.346046
0.181026
0.0395856
0.333393
0.075505
-0.000189136
-0.680138
0.0501632
0.192475
0.0833555
0.489805
0.436128
0.384533
-0.281188
0.358372
0.559373
