1.25523
0.829191
1.78676
1.25462
1.68895
1.56404
1.29768
1.25111
1.08502
1.21597
1.34486
0.687985
1.10983
1.55155
0.951172
2.17492
1.25433
0.921668
0.955507
0.690388
0.565058
0.656244
1.58141
1.28081
1.5801
2.17945
1.34513
1.80782
0.849701
1.42694
1.23392
1.48907
1.7826
1.0801
1.1898
1.55261
1.53965
1.24008
0.874743
1.17333
1.65556
1.42408
0.0387484
0.989572
1.57711
1.40685
0.935579
1.39049
1.49867
1.18984
0.659343
0.891748
0.896094
1.78827
0.619987
0.709435
1.06036
0.610432
0.604726
0.925197
1.08578
1.16122
1.09187
1.0397
1.8172
0.874395
0.633119
0.431111
0.757457
0.133221
1.40573
1.14679
2.29101
1.03313
0.650337
1.30318
1.33838
0.970154
1.51665
1.17105
1.97456
1.0311
1.3031
0.24094
0.791452
0.188124
1.62188
1.5913
1.0628
1.02209
0.444918
1.4342
0.745899
1.37685
1.18503
2.36774
1.80334
1.30757
1.18964
1.84977
0.9799
1.34347
-0.107778
1.63108
0.961762
1.6152
-0.129645
2.04541
0.838615
2.08297
0.957754
-0.610188
2.3497
0.948488
0.826646
1.18327
1.01016
1.01069
1.37491
0.400665
1.26465
0.889616
1.57903
1.00818
1.16553
1.72411
1.57005
1.26644
0.862492
1.29431
0.117711
1.06933
1.01219
0.215231
-0.367035
0.772975
0.72751
0.877454
2.85146
2.1623
3.01789
1.56386
1.67117
0.568145
1.19015
1.32388
1.55754
2.17729
0.489455
-0.300555
2.55622
2.20835
0.889801
1.40395
0.40798
1.10529
0.384097
0.715483
1.48415
2.63444
0.685077
1.39624
1.82249
1.23884
3.03825
1.6193
1.61874
1.10201
1.03125
0.0959143
2.33355
1.58617
1.67602
-0.503757
0.167028
0.779944
-0.0192675
1.392
0.970614
0.393979
0.0171865
-1.09868
0.333167
1.21698
0.78517
-0.659032
1.15067
-0.0687203
0.890105
1.18624
0.718014
1.88263
1.153
2.01736
1.63549
1.43307
1.63893
0.523849
0.569522
0.84469
0.700817
1.06427
1.30266
1.05739
0.747241
0.959985
0.474188
0.28934
1.36728
1.44307
-1.36106
1.00234
0.909323
0.299795
0.102914
-0.202649
2.73025
0.227221
1.21391
1.82759
1.48457
0.675905
0.794772
1.76713
0.635809
0.363728
1.00462
1.1884
1.22119
1.17387
0.269506
1.23221
0.320779
0.362752
0.71495
1.18767
0.910274
0.368141
1.004
0.671337
