0.0511805
0.0650907
0.0327495
-0.217822
0.344514
0.774001
0.562625
0.0185178
0.118213
0.331204
0.339035
-0.316227
0.0965141
0.21848
-0.294446
0.386566
-0.402816
-0.118607
0.250149
0.229314
0.284365
-0.0713266
1.21422
0.330072
-0.189209
0.491834
-0.0277265
0.607534
-0.446828
0.522865
0.217662
0.0367127
0.617797
0.183119
0.332263
0.778838
0.505875
0.21468
0.311292
0.329841
0.538904
0.125837
0.0212399
0.492061
0.256275
0.149104
0.165285
0.590509
0.350733
0.11788
-0.506794
0.273841
0.398898
0.207284
0.493312
0.355615
0.201813
0.351483
0.147284
-0.485753
0.26566
0.786879
-0.278695
0.592624
0.508064
0.236667
0.764146
-0.506368
0.327552
0.203625
0.503563
0.0646203
0.823415
0.366999
0.342479
0.440351
0.447763
0.254685
0.276213
0.419925
0.658361
0.330219
0.711595
0.440877
0.0886853
-0.0169549
0.360523
0.782431
0.105445
0.335335
-0.425505
0.127701
0.756921
0.438737
0.806743
1.02714
0.614588
0.832965
0.236875
0.664487
0.151489
0.596497
-0.972781
0.816419
0.639298
0.940205
-0.429526
2.1132
0.526797
1.33172
0.136161
0.190322
1.02209
0.295206
0.268569
0.0750823
0.643768
0.331736
0.572228
-0.0822674
0.614141
0.647116
-0.294741
0.745724
0.814157
0.770026
0.599238
-0.127544
0.487136
0.00439092
-0.0380719
0.642802
0.463059
-0.437908
0.345859
0.468607
-0.141973
0.173161
1.5995
0.537217
1.95089
0.88182
0.777525
0.00157974
0.509958
0.115612
0.52025
0.784447
0.808412
-1.00249
0.904197
0.63105
0.677479
0.425328
-0.0145169
0.0801398
0.742671
-0.137301
0.560363
0.579063
0.0881248
0.541058
0.485264
0.398824
1.26703
0.471412
0.641859
0.395512
0.951342
-0.0103819
1.39419
0.817954
0.615527
-0.429186
0.350435
0.284079
0.116372
0.672404
0.5149
-0.25365
0.0270448
-0.0354726
0.0849215
0.460681
0.325119
-0.305752
0.294895
-0.00744673
0.28934
1.49056
0.738716
0.565704
0.708073
1.02326
0.456591
0.612824
0.257102
0.356594
0.0249664
0.507347
0.0225424
0.419158
0.645256
0.48748
0.419424
0.375426
0.516172
-0.121072
0.603146
0.614166
-1.2507
0.470889
0.412024
0.0508145
0.119847
-0.30178
1.8177
0.254753
0.306471
0.198291
0.661402
0.195056
0.331051
0.687067
-0.117876
-0.252618
0.490951
0.474341
0.439796
0.354243
0.120723
0.463216
0.133672
0.0341467
0.429561
0.655012
0.664298
-0.3292
0.462896
0.514842
