0.290008
0.149095
0.479907
0.662916
0.619566
0.57872
1.21321
1.57329
0.301611
0.900208
0.826125
0.724331
0.724961
0.172826
0.704869
0.184372
0.55186
1.04657
0.737765
-0.476352
1.08722
0.379952
0.364732
0.763231
0.595628
0.893651
1.33919
-0.0366906
0.44101
0.523584
0.901071
0.628175
-0.0638005
-0.0535092
0.0022404
0.925076
0.670251
0.927276
0.859994
0.956799
0.438485
0.900617
-0.817104
1.12561
0.853621
0.986081
1.27059
0.1216
0.479111
0.466177
0.469367
0.21099
0.307395
1.00812
-0.00426144
0.684643
0.519163
1.33296
1.24165
0.381411
0.621496
0.827284
0.914961
0.148251
0.609262
1.10942
0.992634
1.16106
1.18776
0.600743
1.16606
0.104044
-0.738495
0.044287
0.397558
1.08978
1.45041
0.954576
0.726799
0.706254
-0.162232
-2.81641
0.73867
2.00007
-0.0568351
0.665177
-0.970216
0.160525
-0.293838
0.409995
0.644865
-1.90616
0.439862
1.50444
-1.99204
0.98184
1.18669
0.244792
1.10709
0.95019
1.97744
0.703988
0.693994
0.521562
0.968046
-0.0783082
0.9102
1.09009
0.0033724
12.6747
-0.226821
0.815844
0.148188
1.13073
0.371603
0.712492
0.458152
0.346555
0.927189
2.27195
3.94776
-0.251824
1.32445
0.730769
0.977571
-0.737758
1.28263
1.57477
0.473756
0.231385
0.590172
-0.315372
0.3468
-4.68456
0.67103
1.10759
1.47903
0.485904
0.810107
0.976039
0.893891
-1.1286
-0.156457
0.792362
1.1561
0.984533
0.675244
0.372982
0.191394
0.710721
6.01661
0.0130151
1.54792
0.831098
-0.185396
-0.558218
0.0431599
-0.243533
0.753209
0.70504
0.67484
0.128391
1.26838
0.73498
0.678506
0.304952
1.1683
-3.49526
0.256081
5.38315
0.698972
0.133045
1.15737
0.910734
1.19722
0.866859
0.266817
1.01686
1.35861
0.976254
-0.204268
-0.276374
-0.285048
-1.67488
1.17364
0.919319
1.32351
0.501402
0.680078
0.753548
0.88228
0.842611
2.38059
1.35393
0.888284
0.92697
1.23478
2.06074
0.735697
0.69627
1.38333
0.817466
0.341274
0.795683
1.34442
0.974011
-0.816254
0.764489
0.344987
0.313836
