0.58577
0.175648
0.842983
0.403448
0.839461
0.247182
1.5514
1.44886
1.39025
0.745807
1.55578
1.03309
1.36355
0.831919
0.687157
0.623606
1.57886
0.877245
0.936135
-0.20496
1.14602
0.70285
0.339919
1.05899
0.541839
1.46787
1.17069
1.09661
1.06566
1.47451
1.31869
1.77452
1.03159
-0.270167
0.240096
0.861758
0.911919
0.886598
1.30865
2.10104
0.812417
0.897319
-0.60389
1.56501
1.12754
1.95573
2.17307
0.961689
0.742159
0.650624
1.06602
0.853086
0.650579
1.25836
0.971647
1.42395
0.841148
1.33938
1.47889
-0.0396131
0.974786
1.46048
1.26452
0.532833
0.815524
1.0577
0.586633
1.13924
1.2605
0.978728
1.14918
0.773488
-0.522261
0.556956
0.730525
1.53636
1.24404
1.76263
1.0226
0.711609
-0.0159318
-1.35745
0.28671
2.2103
0.635652
0.931608
0.618074
0.761698
0.220685
0.725879
1.54887
0.517804
0.265591
1.28124
-2.55032
0.769557
2.51142
-0.106895
1.46135
1.35766
1.90753
0.809662
0.746426
1.39316
1.64387
0.582238
1.24108
0.541324
1.38443
16.3007
-0.0642348
1.38417
0.797703
1.26825
1.69681
1.75394
1.15959
-0.271819
0.418371
3.21432
2.52709
-0.0697523
1.35921
1.19563
1.58062
-1.36144
1.72647
1.63703
-0.468179
0.886041
0.512036
-0.131185
0.986166
-3.96272
1.06327
1.29392
1.89765
0.709313
0.419313
1.1608
0.7423
-1.03031
0.0559004
0.511185
1.05105
1.24856
1.28278
0.987474
-0.0351123
1.1507
4.54586
0.308667
1.27101
0.774744
1.05778
1.25172
0.168645
0.0560411
0.700927
1.19236
0.972103
0.906985
1.76452
0.442412
1.04201
-0.576844
0.8875
-3.64463
0.744361
3.44586
0.832688
0.956031
1.66935
1.48438
1.20828
1.39012
0.955164
1.87565
1.71299
1.43731
0.29975
-0.205587
-0.00890293
-1.09507
1.84643
1.0116
1.46144
0.574782
1.03313
0.612792
1.43323
0.15664
3.44914
0.0991953
1.72793
1.40593
1.53484
2.14073
0.969124
1.3043
1.78408
1.34863
1.04882
1.03521
0.165967
0.536102
-0.740163
0.958404
1.05533
1.15106
