0.579213
0.366099
0.254675
0.590167
0.758751
0.8117
1.26398
1.00004
1.02429
0.731405
0.863248
0.713863
1.06791
0.670816
0.764666
0.752915
0.933795
0.848139
0.646848
-0.0472885
0.609864
0.654488
0.955128
1.24628
0.891798
1.40019
1.20911
0.828049
0.867248
0.831619
0.86568
1.02917
0.507939
0.436998
0.469179
0.827841
0.738201
1.00813
0.991433
2.07539
0.805133
0.936368
-1.23822
1.43157
0.902525
1.32418
1.50523
0.563611
0.644287
0.659901
0.906606
0.599082
0.74829
1.30599
0.200782
0.677451
0.850469
0.926994
1.33502
0.872766
0.751343
1.15944
1.14624
0.251304
0.791362
0.941828
0.91417
1.21525
1.51553
0.690226
1.56869
0.0454927
-0.61688
0.448533
0.605126
1.29602
1.68151
1.45069
0.684494
0.669019
0.0890953
-1.67635
0.958099
2.15999
0.641857
1.23389
0.308889
0.835203
0.17083
0.625114
1.10239
0.897499
0.69973
0.854515
-4.17171
1.25797
1.6184
-0.153996
1.27515
0.945202
2.61866
2.48813
1.07731
1.22803
1.65098
0.541167
0.971719
1.04678
1.16899
15.0883
-0.302404
0.829983
0.655663
1.67707
1.1725
1.08827
0.816687
0.446701
0.583355
2.91905
4.26534
-0.0408076
0.952105
1.24565
1.52625
-0.509486
1.99995
2.11796
1.10699
0.344514
0.891335
-0.123982
0.728688
-3.37903
0.842786
1.05208
1.19006
0.735034
0.994495
1.15682
1.21615
-0.0583952
0.106102
0.963226
1.2955
0.992711
0.956504
1.01215
0.690879
1.2538
3.80166
0.0785651
1.73682
0.979515
0.511256
0.317797
0.965737
0.0987779
0.724227
0.863194
1.211
0.939846
1.65589
1.03107
0.653207
0.235256
1.13013
-4.9887
0.693296
6.02082
1.15697
0.694305
1.59355
1.44813
1.36464
1.16522
0.979445
2.17355
1.92443
1.38064
0.492947
-0.606685
-0.478604
-1.78016
1.24247
1.17959
1.53175
0.865784
1.04488
1.15033
1.26835
0.810704
3.12331
0.542554
1.12592
1.70615
1.23828
2.5162
1.21103
1.44484
1.77401
1.36523
1.02544
1.26439
1.42771
0.918425
-0.362615
0.494243
0.476614
0.646386
