-0.0636042
0.876365
0.82884
1.13988
-0.041899
-0.47507
-0.305504
1.13106
0.578719
0.552802
0.455725
0.612997
0.37335
0.225862
0.649201
1.13934
1.20104
0.281857
0.0572453
0.131844
0.82671
1.0727
0.491837
-0.207722
0.569929
0.0555765
0.266998
0.120406
0.425997
0.636693
2.04663
0.194799
-0.0407484
0.526812
-0.174001
-0.180859
-0.227898
1.84229
0.723311
0.583078
0.710997
0.0957403
0.910484
0.425058
-0.50241
0.174667
0.110641
-0.127078
-0.249637
0.243463
-0.224038
0.561345
0.439185
0.61823
-0.531058
0.206841
1.09364
0.219776
0.97009
0.12258
0.44974
0.339574
-0.136259
0.0202187
0.0395837
0.735571
0.33991
0.618751
-0.0658926
0.372134
0.28863
1.05646
1.81062
0.682562
-0.508528
0.439696
0.745659
1.16771
-0.295187
0.729281
0.262441
0.557389
1.18157
1.27739
0.69886
0.631303
-0.433053
0.65298
0.451987
2.67812
-0.207808
0.68618
0.644186
0.0828557
0.341265
-0.460113
-0.0578257
0.157856
0.411637
0.242918
-0.495229
1.05094
0.468148
0.827048
1.05867
-0.0399597
0.281482
-0.432488
-0.500666
0.785383
0.164961
0.525611
-0.0185937
-0.324519
-1.1277
-2.12812
-0.932428
1.14243
-0.111624
1.094
1.01693
2.64506
1.01859
1.1729
0.441222
1.25115
0.636634
0.620226
0.201118
-0.589553
-0.0921692
0.0901648
-0.152353
1.03154
0.727671
3.30639
0.285917
-0.132566
0.542732
-0.0419046
1.06281
0.810049
0.380745
0.523394
0.156569
1.4262
0.0705272
0.84876
0.866969
0.582778
-2.21308
0.63374
1.22288
1.28651
0.904435
0.345523
-0.209422
-0.0446956
0.163603
0.998059
-0.471865
0.28196
0.495509
0.370313
0.280465
1.20343
-0.2235
0.179864
1.05143
0.674275
0.970263
0.548589
0.637493
0.56094
-1.49472
-0.197913
0.460903
1.11846
1.17581
-0.47186
1.206
-0.799684
-0.0171032
-0.529401
-1.54053
0.0630309
0.618174
0.564546
0.441187
-0.39311
1.58556
1.02094
0.166888
0.106389
-1.51022
0.96123
0.543717
0.684954
0.739675
0.318171
1.35835
1.27186
0.916082
1.71098
0.686449
3.50479
3.06623
0.0315924
0.169548
-0.391998
-0.229171
0.560935
1.49735
0.43034
1.44317
0.570212
0.0782197
0.886
0.652898
1.15902
0.973977
0.412194
1.21984
2.03622
-0.409334
-0.0823266
-0.876264
-0.139631
0.323049
0.866988
1.50469
-0.185549
0.399002
0.306709
0.0381915
-0.0782193
-1.19606
0.798417
0.457585
0.205022
