0.54845
0.695149
0.814179
0.986102
1.10963
0.836537
0.419233
1.16086
0.821602
0.288831
0.611935
1.05714
0.999393
0.164102
1.62352
0.720897
0.523129
0.951329
0.531227
-0.0139198
0.981473
0.966104
0.0986236
0.435654
0.537169
0.445969
0.831496
0.530999
0.971647
0.792988
3.02061
0.557494
0.251323
0.525398
0.378549
-0.520429
-0.333431
1.18843
1.15465
1.05586
0.540878
0.912136
1.38472
1.20153
0.474318
0.236093
0.171486
-0.0778771
-0.158521
0.697411
0.0645499
0.235159
0.825448
0.971101
0.958604
0.51255
1.16588
0.477921
1.32314
0.811541
1.1635
1.0374
0.737729
0.17655
2.17654
0.676982
1.87183
0.608697
-0.117579
0.367613
0.38551
0.282319
1.13511
1.14133
-0.220531
0.802029
0.505209
0.64151
0.103314
1.06037
0.320204
0.843447
0.520368
-3.2254
2.00487
0.800715
1.40663
0.678126
0.451599
1.76683
-0.506321
-0.470462
1.29439
0.5421
1.74108
-0.410245
0.431862
0.730633
0.738783
0.486923
1.32007
1.29718
1.42226
1.04698
0.683465
0.438511
0.503543
-0.182499
-0.38732
0.819953
0.37014
0.698592
0.696634
1.20677
-0.110216
1.05653
-1.36738
0.703566
-0.0473481
-0.127112
-0.957052
-2.60896
0.963037
0.520829
0.377125
0.619781
1.15526
-0.0323979
0.567579
0.144529
-0.0267611
0.522343
0.619033
0.330702
-0.554345
2.29025
0.457187
0.643697
0.713409
-0.198411
1.22122
0.829714
0.912154
0.893964
0.181968
1.16434
1.10703
0.578941
-0.639547
-2.7899
0.934572
0.971427
0.181591
-1.64709
3.22929
0.487101
0.590981
0.701344
-0.319202
0.889143
0.409821
0.850618
1.03033
0.623281
0.833579
0.284573
0.516978
0.525865
0.827981
4.47618
1.80797
1.09366
0.8785
2.50805
-5.95629
-1.60228
1.21549
0.113474
1.39307
-0.265291
-1.45426
-1.78888
0.14087
0.0425765
-0.266048
0.496226
0.495694
0.180389
0.187874
-0.217307
-0.00967224
1.22809
1.02053
-0.276763
-3.44993
1.03319
-0.153839
0.907983
-1.33015
-0.769441
4.31378
0.874838
0.268124
0.827712
0.466517
0.479808
0.68245
0.168957
1.26627
0.327271
0.225454
-0.503943
0.43934
0.141983
2.53485
0.177099
0.784395
0.789004
2.45657
1.28853
1.19212
0.79555
0.44226
0.786658
-0.136671
0.836673
-0.775386
-3.30508
0.582376
1.04691
2.10057
0.637227
0.671987
1.68707
1.26234
0.750567
-0.746366
0.359687
1.62729
0.15043
