0.406805
0.122492
0.102963
0.262622
0.545375
0.711967
0.323112
0.426514
0.176621
0.369636
0.139659
0.139083
0.259091
0.448289
-0.216651
0.436391
0.391069
0.48445
0.528811
0.346184
0.505169
0.347943
0.155174
0.138952
0.207188
0.407348
0.462688
0.0256689
-0.0237792
0.416355
0.038897
-0.0572952
0.764762
0.625691
0.386442
0.756053
0.289077
0.238201
-0.0517261
0.161743
0.12853
0.307087
0.626356
0.380489
0.30142
0.188254
0.637411
0.214985
0.465865
0.283445
0.467945
0.386793
0.304477
0.424958
0.243195
-0.0791538
0.723187
0.294561
1.0564
0.270356
0.121069
-0.267169
0.0126152
-0.106231
1.61207
0.454941
0.226775
0.4889
0.497915
0.539728
0.229972
0.00577815
0.393583
0.577221
0.234866
0.0860802
0.190847
-0.00392157
0.147387
0.562135
0.156349
0.227523
0.507404
-0.583017
1.00985
0.195218
0.765756
0.484171
0.553761
1.09809
0.0921175
-0.642417
0.283968
0.135449
0.219376
0.178822
1.05833
0.34023
0.247081
0.530741
0.790025
-0.0638799
0.17314
0.330586
0.392786
0.261259
0.0862085
0.309471
0.423433
0.333912
0.105094
-0.128534
0.319034
1.05779
0.681573
1.68178
0.847537
0.0209095
-0.366471
0.101667
0.353218
-1.81365
-0.0691019
0.202385
0.556888
0.803051
0.388507
0.615835
0.446998
1.08809
0.490496
0.756656
0.356129
0.135069
0.421261
-0.24501
0.272219
0.465358
0.254188
0.0969946
0.89677
0.789949
0.461612
0.702586
0.751494
0.20851
-0.0296008
-0.166966
0.0148796
-0.730242
1.43188
1.2177
1.61826
-1.77227
0.534361
0.564717
0.304827
0.433122
1.19183
0.426525
0.537514
-0.200246
0.763992
0.635337
0.44727
0.847998
-0.497225
-0.193632
0.262731
1.26724
-0.575922
0.0148157
0.245354
0.159791
-0.035232
-0.0805518
0.596082
0.0174362
0.569738
-0.950023
-1.29838
-3.39944
0.523481
0.173568
1.29006
0.206196
0.341503
0.235987
0.423365
0.109544
0.499771
0.900101
0.527794
0.242059
0.970327
-0.101341
0.345078
1.2523
0.133677
0.143657
1.83794
0.281538
0.812623
1.06417
-0.284157
1.58266
0.689252
0.534008
0.616899
0.450044
0.258108
-0.0247244
0.328155
0.150531
0.355289
0.127804
0.325409
0.825773
1.01325
-0.00765762
0.000557222
0.811178
-0.368563
0.49148
-0.431716
-0.208254
0.333085
-0.451596
0.692889
0.700254
0.326538
0.09689
0.371538
1.00677
0.705805
0.0218333
-0.0947415
0.53829
0.399533
0.253036
