-0.0298781
0.13234
-0.0178629
0.153095
-0.00472368
-0.182714
-0.486951
-0.338104
-0.591048
-0.0523649
-0.0759757
-0.397004
-0.0640985
0.0968077
-0.0954908
0.22628
-0.594549
-0.390041
-0.445129
-0.275163
-0.0866424
-0.247885
-0.399134
-0.604009
-0.107527
-0.0241746
-0.3728
-0.444795
0.0312788
-0.191572
0.291766
-0.320817
-0.541914
-0.0839997
-0.509172
-0.152212
-0.149209
0.456457
0.515833
-0.0729026
-0.497027
0.275329
0.317808
0.148176
0.0257883
0.00876032
-0.0398627
0.090779
-0.370918
-0.295877
-0.368419
0.373348
-0.193704
-0.281247
0.0383451
-0.268514
0.122606
-0.254307
0.175922
-0.120228
0.0975354
-0.473078
0.472546
0.385507
-0.186726
0.311179
-0.075755
-0.528762
-0.3237
-0.454554
-0.297669
-0.601738
-0.310891
-0.0226109
0.421286
-0.45565
-0.643603
-0.496019
0.120174
0.151175
-0.300579
-0.400004
-0.153813
-0.148005
0.0862596
-0.203918
-0.398214
0.308828
0.535012
-0.723341
-0.353647
-0.0978295
0.00730632
-0.165206
-0.0590151
-0.104424
0.279664
-0.499554
-0.0901462
0.283909
-0.237327
-0.142158
-0.308439
0.586611
-0.00763974
-0.242202
0.0172428
0.0271923
0.409744
-0.0493183
-0.380637
-0.0742873
-0.109671
-0.219446
0.0915121
0.0404679
0.262786
0.022573
0.142681
0.606444
0.373385
-0.172269
-0.141903
0.0590889
-0.0626026
0.137721
0.364504
-0.0975136
0.348829
-0.0848776
-0.946861
-0.01062
-0.0280749
0.569405
0.383589
0.245811
0.303343
0.411097
-0.258461
-0.414104
-0.0326981
0.712145
-0.217262
0.279982
0.0627899
0.157336
-0.0344837
-0.113864
-0.629015
0.350216
-0.0632852
-0.228844
-0.0594152
0.546528
-0.207057
0.0197057
0.147663
-0.316406
0.575123
0.236917
0.211987
0.289355
-0.410588
-0.241353
0.0586416
0.221302
-0.347052
0.318266
-0.0052347
-0.032002
0.350492
-0.255703
0.463854
-0.182702
0.154666
0.0300113
-0.0771614
0.196305
0.0591927
0.0944429
0.359838
-0.0672407
-0.307457
0.00292032
-0.401879
0.762587
0.308848
0.142949
0.00653716
0.234646
0.2482
-0.304584
-0.516729
0.107576
0.177776
-0.189184
0.32596
0.309952
0.302694
0.15325
0.431418
0.208487
0.543598
0.371714
0.0587338
-0.033123
0.183852
0.385465
0.00219883
-0.246786
-0.0650352
-0.159861
0.151767
-0.0151594
0.519661
0.618709
-0.129706
0.310777
0.207256
-0.00506253
-0.438949
0.188997
1.05565
0.717537
0.229711
-0.229293
-0.0982256
-0.470693
0.0383343
-0.340363
0.123566
0.484585
-0.0371684
0.183697
0.331954
0.31704
0.181064
-0.00620201
0.227842
0.251768
