-0.182494
0.14703
-0.649775
0.85673
-0.23146
-0.0311098
-0.447033
0.263393
-0.151071
0.0265299
0.209081
0.0512686
-0.610244
0.325143
0.00751223
0.515679
0.245622
0.446289
-0.126059
-0.500211
0.401115
-0.237259
0.0614126
-0.766208
0.583327
0.297398
-0.180665
-0.105985
0.049628
0.643518
-0.0561922
-0.169722
-0.93237
0.102246
-0.216259
0.135378
-0.600016
0.146281
1.05225
0.819771
-0.454189
0.808793
0.21202
-0.0223624
0.346572
0.17291
0.169561
1.0726
0.0259283
-0.0550795
-0.375799
1.64447
-0.366016
0.344366
0.193186
-0.253478
-0.306636
0.309356
-0.215659
0.158784
0.455933
-0.0317775
0.82582
-0.071555
-0.00389644
1.16057
0.522187
-0.456565
-0.0636652
0.156484
-0.241668
-0.18115
-0.314898
0.403887
0.0629112
-0.395688
-0.17594
0.19199
0.0467898
0.190788
0.0577057
0.794176
0.504844
0.819439
0.139145
0.582897
0.330047
0.115337
0.758236
0.395466
0.439631
0.518277
0.289907
-0.122773
0.112134
0.120324
0.225368
0.158363
0.202735
0.443667
0.805636
-0.506749
-0.347806
1.26977
0.247562
-0.331981
0.232534
0.715129
0.200574
-0.343404
-0.514554
-0.252762
-0.0209509
-0.459537
-0.132614
0.288102
0.140112
0.22275
0.857908
-0.0783922
0.0230794
0.534222
-0.746951
0.0929559
0.875308
0.513746
0.164879
-0.918158
-0.114037
0.272371
0.37924
0.0697926
0.016027
0.382728
-0.771936
-0.243745
0.225835
0.594496
-0.642404
-0.154085
1.09876
0.697838
-0.908934
0.560318
0.0332178
-0.223846
-0.440508
0.067626
-1.2538
0.174983
-0.0653924
-0.397317
-0.421514
0.156233
-0.779129
0.404957
0.18015
0.636909
0.452715
-0.860101
0.0277282
-0.126133
-0.501945
-0.493429
-0.524174
0.25218
-0.186759
-0.797347
0.113159
-0.272867
-0.194814
0.182509
0.419152
-0.438348
0.143001
0.492535
-0.119215
0.741636
-0.197534
-0.369624
0.490043
-0.293857
-0.553614
-0.000660542
0.251594
0.103718
-0.299122
0.32176
0.251418
-0.325464
-0.154527
-0.439105
-0.74679
-0.0129529
0.847028
-0.439498
0.394201
0.550949
-0.522139
0.736764
-0.045709
0.404576
-0.32146
0.54052
0.36009
0.639009
0.0107647
0.125066
-0.248816
-0.484572
0.480221
0.569364
-0.582668
1.41425
0.876318
0.559923
-0.66846
0.307979
0.258544
0.595717
0.247233
0.659678
0.11346
0.419796
-0.0740315
-0.194091
0.308364
-0.367767
-0.759913
-0.415175
-0.208964
-0.0809775
-0.33023
-1.05299
0.437567
0.565959
0.394878
-0.325254
0.756908
0.692262
