0.098351
0.361152
-0.0481953
0.518484
0.0213128
0.332788
0.0337337
0.371845
-0.49774
0.243204
0.515859
0.0599826
-0.526978
0.112797
-0.00998698
0.0298616
-0.559516
0.267694
0.0683664
-0.621196
-0.796921
-0.306627
-0.875527
-0.944491
0.542346
0.473492
-0.0886461
0.061211
0.218244
-0.148651
0.190347
0.175817
-0.950334
0.529881
0.0247501
0.239031
-0.561077
0.24324
-0.373951
0.317211
0.251027
0.432084
0.249617
0.206967
0.00859702
0.0604945
0.170549
0.647237
-0.146312
-0.463304
-0.611998
0.944106
-0.0967977
0.391156
0.315716
0.105206
0.274949
0.36974
0.383701
0.0734542
0.290499
-0.113369
0.529158
-0.116572
0.0195367
0.338354
0.0644645
-0.057611
0.0860226
-0.546134
-0.488695
-0.609433
-0.474354
0.162906
0.584784
0.0270084
-0.0871649
-0.0474615
0.130498
0.877712
0.12729
-0.251221
0.126981
0.266838
0.214704
0.601587
0.461613
0.353678
0.134884
0.118625
0.446528
-0.0867909
-0.524403
-0.264701
-0.601826
0.361818
0.211383
-0.12583
0.228564
0.0337567
0.47555
0.725281
-0.254835
0.489758
0.379208
0.0281199
0.331195
0.508836
0.234826
0.0020478
-0.457538
-0.112561
-0.307188
-0.0840561
0.0602314
0.732189
0.439254
0.907827
0.53536
0.554083
0.425976
0.332993
-0.135462
0.375283
0.370403
0.0977728
0.0632991
0.386466
0.54099
0.69399
-0.812194
0.25088
0.421298
0.383713
-0.324986
0.111201
0.61757
0.654841
-0.151064
-0.194426
1.01471
0.636062
-0.627492
0.39713
0.440633
0.237324
-0.0584612
0.038144
-0.227167
0.264322
0.365912
-0.312727
0.378635
0.914719
-0.128486
0.273846
0.623377
0.338762
0.596809
0.16255
0.635349
-0.0236765
-0.523843
-0.401654
0.118818
0.774973
-0.0411969
0.154773
0.658871
0.0218144
-0.118052
0.308725
0.901441
0.399271
0.217613
0.270077
-0.98787
0.798382
0.225683
-0.113298
0.348579
0.269421
-0.0765622
0.151381
0.00656418
0.497967
0.363004
0.458287
0.773528
-0.199881
0.208209
-0.404837
-0.629751
0.633056
0.607711
-0.271622
0.0137482
0.646921
0.219526
0.054605
0.578145
0.446362
-0.172128
0.961364
0.17365
0.130187
0.479555
0.312849
-0.0242995
-0.953624
0.591716
-0.0314335
-0.161902
0.0306977
0.822942
0.880133
-0.0892438
0.257576
0.384156
0.236785
-0.74586
0.507343
0.496512
0.551041
0.436902
0.415175
-0.134979
-0.52781
0.203756
0.0345842
0.44426
0.609984
0.320264
0.00784895
0.12194
0.501925
0.556172
0.142162
0.638793
0.32854
