-1.52945
0.959286
-0.461879
0.135904
0.0858421
0.408956
-0.355743
-0.932117
0.607754
-1.02018
0.874438
-0.798906
0.602055
0.348357
0.606838
0.0264281
0.364269
0.571269
0.459928
-0.0953753
0.126248
1.01771
0.358862
-0.757213
0.52841
-0.227788
-0.294453
0.616588
-0.825471
0.162972
-0.178518
0.517666
-0.555128
-0.36183
0.196311
0.757202
-0.0834547
-0.655286
-0.717052
-0.199769
0.999542
-0.544638
0.111026
0.928667
0.819258
-2.15402
-0.391165
-0.855225
-0.602207
-0.232256
-0.242591
0.686047
-0.00807291
-0.16318
0.676541
0.63731
0.0551307
-0.322161
-0.512848
0.985158
-0.839353
-0.692634
0.934177
-0.219491
-148.804
-0.480336
0.154962
-0.0821524
-0.830735
0.00568595
0.237355
0.329056
0.106913
0.259899
0.386194
0.43488
0.706239
-1.28483
-0.156435
0.273862
0.14223
-0.062014
0.016993
0.555009
0.249082
0.667176
-0.0934202
0.443682
-0.86984
0.283494
0.164097
-0.0121995
-0.845309
-0.550934
-0.362255
0.0341682
5.75007
0.0835631
-0.201383
-0.109864
-0.201344
0.206058
0.590057
1.24835
1.08202
0.337872
-0.526353
0.0737339
0.609159
-0.276758
-0.656547
1.24166
-0.255868
-0.60518
0.187174
-0.342165
0.612552
0.543634
0.592654
0.141486
0.632388
0.179421
-0.320974
-0.367331
0.0876317
-0.566239
-0.566674
0.44465
0.7577
-0.393553
0.184271
0.156599
-0.4608
0.318159
0.593851
-0.040273
0.514615
0.431252
-0.499516
-0.00252038
-0.16727
0.515192
-0.416185
0.345283
-0.233417
-0.219796
0.0160803
-0.238749
0.291038
0.159421
-1.71664
-0.281559
0.0605097
-0.575365
-0.798252
-0.136434
0.263891
-1.06796
0.36634
0.831203
0.327109
-0.416578
0.533703
0.353998
-0.0726516
-0.0147697
-0.0258202
-0.180865
0.157182
62.4773
-0.0802277
0.724729
0.172444
-0.564479
-0.220313
-0.48811
-0.0435672
-1.11134
0.232359
0.900817
-0.66451
-0.884014
0.14532
-0.142545
0.134789
-0.515228
-0.387971
0.353995
0.272416
-0.282903
0.616687
-0.645231
-0.0307679
-0.08184
0.171343
-0.646149
0.413591
0.0553533
-0.822507
0.570998
1.21065
0.128122
0.372293
0.362649
-0.372582
-0.622749
0.27176
-0.083881
-0.406269
0.244038
-0.275053
0.129461
0.210363
0.451215
-0.731779
