-0.875912
0.260626
-0.147697
-0.344141
0.309033
0.166127
-0.796985
-0.591268
0.140401
-0.612984
0.394153
-0.0319197
0.210583
-0.228603
0.128344
-0.187017
0.0718896
0.215223
0.177863
-0.22824
0.298704
0.480336
0.392307
-0.703809
0.341151
-0.157254
-0.216498
0.152414
-0.221332
-0.0127547
-0.491735
0.173446
-0.337842
-0.56216
-0.00502388
0.764664
-0.425215
-0.806715
-0.944279
-0.443358
1.06663
0.00484899
-0.0327517
1.18446
0.787635
-1.46734
-0.308181
-0.488936
-0.723086
-0.141723
0.315335
0.441088
-0.0922343
0.100059
0.666565
0.569487
0.10244
0.0139198
-0.986483
0.531733
-1.01235
-0.229506
0.284133
-0.716967
-56.5469
-0.579688
-0.187488
-0.52728
-0.343616
0.388204
-0.253238
0.0476322
-0.277804
0.879341
0.517142
0.353905
-0.146572
-1.05813
0.0125872
0.275086
0.38202
0.0168424
-0.0331175
0.220399
0.267709
0.502714
-0.517776
0.335487
-0.45919
0.192861
0.160829
0.316517
-0.673854
-0.974765
-0.3723
0.502622
10.7463
-0.145208
-0.051
-0.467638
-0.301523
0.208362
0.452181
0.795416
0.937202
0.00111554
-0.479844
0.255418
-0.101681
-0.175615
-0.385211
1.12747
-0.393322
-0.0155836
0.000934302
0.171371
-0.087379
0.786999
0.65553
-0.19572
0.163978
-0.182976
-0.220758
-0.346588
0.160116
-0.077695
-0.491902
0.135831
0.403286
-0.2973
-0.347351
0.0714737
-0.484527
0.556424
0.481654
-0.00418542
0.379083
0.338293
-0.361577
0.356344
-0.122146
0.172153
-0.416914
-0.0579969
-0.636044
0.103158
-0.403313
-0.197834
-0.0372739
-0.290048
-1.57742
-0.740138
-0.222159
-0.535944
-0.61174
-0.240507
0.145617
-0.861635
-0.308139
0.378483
0.414735
-0.392177
0.751764
0.740157
-0.491941
-0.0364063
0.072542
0.391322
-0.369299
56.8965
-0.207624
0.517481
0.557715
0.267909
-0.212666
-0.216278
-0.0161237
-0.420824
0.379029
0.699611
-0.277955
0.126025
0.288998
-0.346485
-0.194328
-0.513484
-0.277465
0.201772
0.264572
-0.43064
-0.0977795
-0.0439272
-0.36368
0.0613503
0.156724
-0.396693
-0.261061
0.111276
-0.615721
-0.116769
0.858212
0.40145
0.183357
0.5621
-0.62369
-0.632797
0.0564841
-0.878496
-0.044363
0.367059
-0.603337
0.0849302
0.458291
0.322825
-0.682545
