-0.48042
0.392922
-0.3809
-0.302475
-0.0854159
-0.106964
-0.0609123
-0.219135
0.720234
-0.27565
0.545878
-0.317491
0.177302
-0.0420948
0.172754
-0.273806
-0.0232599
0.206832
0.156365
0.0119977
0.393879
0.468405
0.29431
-0.408227
0.065499
-0.191802
-0.2676
0.411512
-0.510386
0.00151954
-0.339838
0.129905
-0.309772
0.0219294
-0.143857
0.424439
-0.217898
-0.670655
-0.409475
-0.369854
0.727403
-0.427579
0.153445
0.530416
0.216727
-1.47215
0.143022
-0.439919
-0.253152
0.0746163
-0.459889
0.190844
-0.161815
-0.273317
0.647937
0.355727
-0.289674
0.229042
-0.602167
0.531646
-0.279958
-0.235333
0.46283
-0.215809
457.43
-1.13632
-0.0417384
0.105011
-0.411908
0.488685
0.0970162
0.134401
0.286254
0.138346
-0.0420769
0.307253
0.303907
-0.626821
-0.0227208
-0.0466596
0.321888
-0.121446
-0.226735
0.143172
-0.663571
0.454884
-0.0805889
-0.208681
-0.42525
-0.198401
0.130623
-0.00501314
-0.224857
-0.597305
-0.0770122
-0.345419
6.11523
-0.562208
-0.387177
-0.192997
-0.28868
0.137872
0.280463
0.543178
0.988077
-0.405059
-0.1574
-0.201799
0.0125677
-0.142995
-0.278497
0.893497
-0.0720571
-0.577155
0.990343
0.0583876
-0.0292521
0.199125
0.150521
0.2607
0.368752
-0.0330623
-0.224
-0.172814
-0.149087
-0.379379
-0.148627
0.291307
0.469543
-0.0271708
0.124125
-0.374924
-0.567173
0.368107
-0.112786
0.250493
0.284681
0.0586416
-0.287273
0.107185
-0.13077
0.072922
-0.670219
0.142021
-0.754868
0.473354
-0.175062
-0.299392
-0.400727
-0.0120978
-0.913646
-0.230144
0.00468879
-0.161265
0.0596957
-0.143408
0.2707
-1.29355
0.237422
0.525532
0.161777
-0.276799
0.505192
0.277544
0.295707
-0.212195
0.33202
0.0498651
-0.355785
-18.6517
0.0744393
-0.277724
0.0591467
0.194639
0.122571
-0.350281
-0.218115
-0.733974
-0.05675
0.390608
0.0162578
-0.605303
-0.0446868
-0.257913
0.0918194
-0.09711
-0.0513161
0.416907
0.48401
-0.0945397
0.167823
-0.597257
0.219845
0.42552
-0.0967011
-0.206228
0.363079
-0.389554
-0.722195
-0.0966303
0.524883
0.128596
0.168498
0.256431
-0.277441
-0.237813
0.407796
-0.232328
-0.492924
0.166238
0.16886
0.0536704
-0.309705
-0.137995
-0.372019
