-0.192704
-0.673614
0.308108
-0.130422
0.290299
0.363461
-0.225109
-0.297304
0.226575
0.0157573
0.290727
0.865033
0.401579
0.748151
0.998327
0.858568
0.671321
0.212913
0.306103
0.534916
0.287948
-0.187919
-0.167641
-0.200016
-0.370518
0.568511
0.499356
0.624202
1.07205
1.06716
0.3014
-0.487728
0.649855
0.908341
-0.0878212
-0.188146
0.436948
0.904025
-0.638706
0.619011
0.331178
-0.0601853
-0.102068
0.585264
1.09577
0.394195
1.15446
1.24138
1.02675
0.114917
1.03336
0.617465
0.332111
1.27994
0.84505
-0.557214
0.00908458
0.149841
1.22106
1.16003
0.871003
1.55108
0.192067
-0.786439
-0.240459
0.848108
-0.148711
0.533751
1.29414
-0.0173979
0.530652
0.0595263
0.126643
0.708471
1.00013
1.64807
0.5255
0.580482
-0.406238
-0.263977
-0.223364
-0.0447649
0.058845
0.473305
0.0444029
0.931987
0.843
0.768757
0.7811
0.887475
-0.261322
0.114881
1.40759
1.06001
1.24305
0.631472
0.65175
1.14088
-0.686453
0.536126
0.0439214
0.101001
0.217812
0.0403463
1.14238
-0.113745
0.61602
0.412368
0.527125
1.19181
0.445563
0.662125
0.772656
0.453346
0.563305
1.32317
0.420853
0.0542907
1.05204
0.699434
0.37478
0.212884
0.00877638
0.337339
1.08186
0.582656
1.3654
0.836458
1.34506
-0.432533
1.34608
1.0632
0.863985
0.569035
0.587336
0.324512
-0.0770336
0.856695
0.400414
0.546543
0.677071
-0.874546
0.862706
-0.256764
0.51661
1.14553
1.12295
0.954189
0.954025
0.38723
1.59528
0.610719
1.1675
1.499
1.35067
0.660676
0.179324
0.642141
0.113576
0.545548
1.06061
-0.106857
-0.00548584
0.845335
-0.42777
1.01553
0.829969
1.26347
0.41205
0.244806
0.835847
0.980223
1.1332
0.716575
0.762907
1.25963
0.906927
0.631818
0.3292
1.2205
1.17437
0.888416
0.746637
1.10308
-0.425096
0.280242
0.502893
0.629719
0.522372
0.728394
0.939844
0.911639
0.245086
0.376992
0.885505
-0.90018
0.707645
0.493459
1.37954
0.504294
0.342223
0.687413
0.561816
0.39295
0.730616
0.60477
-0.175514
0.458638
0.404569
-0.358624
0.465676
0.202657
0.638398
0.330345
0.753141
0.404925
1.07434
1.45696
0.321635
1.22871
0.949879
0.567665
-0.555658
-0.272632
-0.150783
0.868761
0.802955
1.37686
1.07511
0.440699
0.643991
0.434536
1.0869
1.06325
0.73762
1.19775
0.666927
1.74977
1.14191
0.218696
