-0.160972
-1.02216
-0.0363181
-0.591527
-0.208787
0.222129
-0.682763
-0.30554
-0.372914
-0.540738
0.00419555
0.409061
0.346224
0.117591
0.478577
0.519846
0.234383
0.15797
0.10045
0.487388
0.0260249
-0.230703
-0.134485
-0.508065
-1.07156
-0.187113
-0.249097
-0.176305
0.828549
0.684205
-0.191903
-0.34938
0.125759
0.565146
-0.266662
-0.4289
-0.0172942
0.468509
-0.641327
0.583518
0.216856
-0.125054
-0.830762
-0.103287
0.812578
-0.118347
0.696434
0.716462
0.774926
-0.365041
0.699293
0.0794311
0.244754
1.38279
0.277084
-0.510497
-0.131733
0.18628
0.836452
0.539923
0.244263
0.989817
0.225789
-0.565471
-0.468406
0.260362
-0.366242
-0.0150624
0.677955
-0.465175
0.203581
-0.0493727
-0.245037
0.427701
0.620493
1.3849
0.18064
0.49838
-0.36134
0.00111075
-0.334274
-0.491177
-0.172546
-0.17836
-0.615164
0.529351
0.336572
-0.144291
-0.00253733
0.325076
-0.555602
0.27291
1.23036
0.698927
0.791098
0.352608
0.532211
0.651742
-0.435157
0.435389
-0.179114
-0.178442
-0.173012
-0.111584
0.538354
-0.418906
-0.106238
-0.207536
-0.275956
0.684079
0.0501927
0.470047
0.128089
0.0741118
0.201496
0.899701
-0.0883716
-0.166773
0.427697
0.158045
0.310216
-0.109792
0.0879042
0.125641
0.66398
0.0279943
0.786941
0.509935
1.14883
-0.342175
0.593267
0.440142
0.721927
0.204498
0.420008
0.428621
-0.226742
0.302466
0.0824816
0.492988
0.544674
-0.884402
0.354335
-0.00826564
0.0973666
0.636114
0.413397
0.0658939
0.207483
0.123218
1.08965
0.436123
0.472878
0.796067
0.979666
0.189923
-0.0576732
0.420931
-0.321865
0.359064
0.827834
-0.126404
-0.436456
0.46644
-0.0191228
0.361273
-0.119939
0.628821
0.324645
-0.00863666
0.297127
0.558313
0.624611
0.418494
0.527799
1.05622
0.284773
-0.000762601
-0.340132
0.472778
0.678681
0.392818
0.23847
0.797197
-0.637166
-0.0229442
-0.176851
0.303819
-0.0299601
0.485922
0.119689
0.522632
-0.267874
-0.0388642
-0.091792
-0.880888
0.405603
0.0802494
0.56333
-0.0233611
0.332403
-0.0257804
-0.0329224
0.115686
0.107213
0.145042
-0.44831
-0.288456
-0.146689
-0.719231
0.184335
-0.193886
0.299873
-0.0617033
-0.0597055
0.236071
0.59554
0.943386
0.160454
1.01421
0.228176
0.202978
-0.389783
-0.3746
0.326509
0.323316
0.436999
0.575507
0.998773
-0.133778
-0.3113
-0.3541
1.01588
0.967907
0.271048
0.360783
0.403945
1.30991
0.832328
0.187451
