0.609887
-0.384616
0.923503
-0.121443
0.603305
0.345954
0.0774303
0.0733007
0.518721
0.882281
0.489711
0.722353
0.68764
0.536674
1.19209
0.941208
0.903221
0.284689
0.75135
1.34344
0.765031
-0.113714
0.446012
0.230447
-0.343624
1.02408
0.301428
0.720747
0.90452
1.30417
0.550826
0.302205
0.0619058
1.06183
0.121276
-0.0832346
1.00188
1.70331
0.190127
0.803196
0.800539
0.0817876
-0.488714
0.776972
0.245744
0.361158
0.715477
1.08044
1.41747
0.724653
1.1913
0.383433
0.955793
1.34943
0.655781
0.627008
0.46931
1.05342
0.918083
1.23016
1.11514
1.1393
1.0037
-0.17797
0.408977
0.722338
0.0532343
0.993408
1.29028
0.805194
0.691306
0.449177
0.709777
1.06823
0.640387
1.5816
0.618755
1.16872
0.428226
0.567933
0.559505
-0.11567
-0.0140215
0.753646
0.565534
0.641681
0.808534
0.384822
0.358243
0.988375
0.0212764
0.306348
1.79813
0.931693
1.35233
1.03657
1.25914
2.12939
0.766875
1.3425
0.754294
0.304455
0.488374
0.156388
0.470491
0.191697
0.537455
0.430996
0.465351
0.76586
0.655404
1.03271
0.60347
1.76556
0.832062
1.36339
0.363179
0.752474
1.0355
0.995755
0.900156
0.728138
-0.212571
0.478305
0.484474
0.309709
1.35174
0.813559
1.07362
0.149988
0.935304
0.663045
0.735358
1.17527
0.308215
0.830762
0.890162
0.607101
0.477733
0.839204
0.522757
-0.391339
0.57762
-0.306735
0.519372
1.08051
0.747645
0.76165
0.196125
0.786247
1.48737
1.06103
0.87057
1.59965
0.892528
0.779794
0.594858
1.16564
0.618329
0.74727
1.50041
-0.872133
-0.331017
1.06324
0.159048
1.07837
0.546094
0.907855
0.35572
-0.00904791
0.841915
1.30089
0.854681
0.912831
1.1144
0.839901
1.23098
0.95686
1.02366
1.00612
1.00898
0.243668
0.81837
1.00215
-0.307158
0.0695293
-0.136888
0.92352
0.330454
-0.00782414
0.249354
0.493947
0.342843
-0.377694
0.677889
0.433362
1.27038
0.911694
1.66178
1.04311
0.420869
-0.127108
-0.0414273
0.849956
0.607216
0.0417553
0.281087
0.232828
0.342048
-0.169434
0.475354
0.00405804
0.124228
-0.0955986
0.850936
0.382449
1.1764
1.78255
0.63698
0.849936
1.15415
0.677233
-0.0646692
-0.294966
-0.4021
1.23025
0.239934
0.948449
1.21106
0.893865
0.545924
0.160824
0.676019
1.13789
0.677986
1.06077
0.571236
2.16067
0.621231
0.391509
