-0.262236
-0.1604
-0.764152
-0.0082186
0.273412
-0.256487
-0.639923
-0.615795
-1.11862
-0.534724
-0.684883
-0.628465
-0.732981
-0.449574
-0.0898632
0.254229
-0.333153
-0.685323
-0.0452467
-0.241753
-0.176659
-0.270148
-0.901099
0.134312
-0.268831
-0.355891
-1.03943
-0.695996
0.162125
0.132187
0.401213
0.0595964
0.0128153
-0.300681
-0.250788
-0.100036
-0.450299
-0.677106
-0.246616
-0.425127
0.270706
-0.372214
-1.27575
0.200664
-0.444345
-0.825155
-0.213767
-0.522683
0.00378175
-0.639555
-0.373977
-0.712545
-0.450217
-0.812049
-0.23247
-0.684896
-0.433037
0.163382
-0.367339
-0.605723
-0.658242
-0.489501
0.248416
-0.0575066
-0.589543
0.114299
-0.0973406
-0.402884
-0.508657
-0.272759
-0.354099
-0.745602
-0.54404
0.0482043
-0.143457
-0.0769008
-0.820717
-0.830129
-0.639036
0.280266
0.560632
0.631259
-0.187487
-0.682457
-0.299209
-0.0803458
-0.0104125
0.578365
0.0210611
0.490279
-0.696774
0.00941562
0.297105
0.317697
0.292093
-0.112626
-0.360169
-0.0945344
-0.159085
0.224511
-0.131017
-0.257995
0.199372
-0.441615
-0.168195
-0.318432
-0.397021
0.42466
0.289123
-0.685741
0.0114801
-0.350461
-0.432219
0.242192
0.630343
0.722403
0.433812
0.150982
-0.2799
0.0521869
0.0404204
0.189669
-0.468764
-0.340956
-0.495754
0.377171
1.16724
0.78998
-0.586842
-0.526207
0.410831
-0.27224
-0.771537
0.48144
0.297011
-0.558766
-0.367191
-0.228615
-0.294332
0.1545
-0.0893594
-0.330501
0.0623789
-0.611504
-1.14044
0.226622
-0.114768
-0.415817
0.734491
-0.437291
-0.670267
0.00141748
-0.487296
0.281306
0.312525
-0.422443
-0.66844
-0.0339103
-0.131869
0.59768
0.0316397
-0.540019
0.160797
0.0153633
-0.515802
0.734883
-0.331977
-0.584627
-0.125204
0.619428
-0.116942
-0.23516
0.0823135
0.0410961
0.0487281
-0.727338
-0.2725
-0.107506
0.603699
0.359992
-0.0325776
0.420453
0.164455
-0.0719935
0.718121
-0.699347
-0.622327
-0.146541
0.646521
-0.274009
-0.476387
0.748425
0.530031
0.0444031
0.483352
0.413674
0.0648963
0.774873
-0.572662
0.498874
-0.75792
0.13515
-0.145559
0.173131
-1.05457
0.587115
