-0.372101
-0.360774
-0.84707
0.230413
0.345616
-0.250007
-0.8847
-0.654469
-0.894379
-0.609463
-0.681258
-0.789615
-0.278375
-0.357979
-0.028327
0.633511
0.0354847
-0.641154
0.614541
0.0357867
0.259984
0.401235
-0.989979
0.697246
0.00694444
-0.423786
-0.955238
-0.335746
0.626534
0.486286
0.588856
0.0780573
-0.0494828
0.0817907
-0.00263755
-0.100157
-0.290063
-0.6379
0.514566
-0.601482
0.400854
-0.418886
-1.2433
0.453388
-0.341825
-0.558894
-0.0162916
-0.0908344
0.417636
-0.168942
-0.0255177
-0.731235
-0.367667
-0.608275
-0.0240974
-0.523078
0.0541863
0.650584
-0.125544
-0.410448
-0.376364
-0.274943
0.577739
0.673887
-0.348127
0.242317
0.297885
-0.294971
-0.429732
0.141532
0.0841229
-0.910837
-0.582076
0.508565
0.123738
-0.410017
-0.79747
-0.711073
-1.13149
0.380028
0.800626
1.12839
-0.0692185
-0.524237
-0.00269637
-0.0256594
-0.0749004
0.573984
-0.145879
1.00542
-0.895534
0.573103
0.647725
0.6163
0.552321
0.432566
-0.11982
-0.191828
-0.444429
0.11917
-0.220754
-0.151185
0.226501
-0.0142639
-0.064575
-0.1936
-0.625037
0.371423
1.02432
-0.426995
0.160516
-0.176729
-0.185608
0.156693
1.00336
0.87676
0.864078
0.219295
-0.220172
0.417512
0.0618162
0.711026
-0.683852
-0.383355
-0.491368
0.686611
1.39319
0.656533
-0.469908
-0.877288
0.344929
-0.0831229
-0.642971
0.886022
0.364489
-0.375708
-0.205036
0.289777
0.0745118
0.378539
-0.0778419
-0.153618
0.735546
-0.957596
-1.30035
0.242924
-0.314343
-0.163903
1.19096
-0.296404
-0.424594
0.452504
-0.0674938
0.582498
0.416028
-0.496978
-1.00999
-0.116912
0.269921
0.811632
0.35922
-0.353821
0.572811
0.0534871
-0.289266
1.10929
0.100532
-0.477737
0.331937
0.979688
0.174594
-0.21174
0.319868
-0.0105417
0.276893
-0.771106
-0.290732
0.0926628
1.13754
0.70406
0.100893
0.730419
0.0468248
-0.236745
0.910219
-0.218521
-0.716576
0.406979
0.859303
-0.227766
-0.43452
1.05911
0.570836
0.714439
0.459348
0.515055
0.118775
1.17397
-0.49375
0.656407
-0.826568
0.482074
0.0774403
0.4091
-0.74227
0.630868
