-0.431985
-0.768617
-0.133506
-0.0781592
0.0749004
-0.191775
-0.557573
-0.485416
-0.998205
-0.820489
-0.827804
-0.118562
0.0423955
-0.271663
-0.0455665
0.151806
-0.0441136
-0.444274
-0.0808367
-0.248742
-0.387723
-0.164411
-0.616736
-0.185668
-0.222432
-0.812999
0.0537965
-0.385249
0.266873
-0.18414
-0.11392
-0.0434239
0.00380526
-0.513548
-0.541787
-0.20709
-0.778096
-0.220809
-0.0433036
-0.574227
0.0649931
-1.10297
-0.74535
-0.364484
0.139091
-0.402021
-0.281468
-0.248814
-0.0622331
-0.237058
0.244473
-0.947367
-0.103494
-0.569283
0.0752563
-0.736865
-0.329375
0.192091
-0.234323
-0.37859
-0.445597
-0.80736
-0.450087
0.0738316
-0.214331
-0.203299
-0.330697
-0.237123
-0.118557
-0.721439
0.200142
0.101707
-0.406644
0.482832
0.0530205
-0.297717
-0.402272
-0.768298
-0.789266
-0.151968
0.0484044
0.555711
-0.440098
0.0132857
-0.254307
0.12847
0.921009
-0.0365981
-0.188799
-0.363779
-0.0709487
0.0254779
0.0780051
0.511433
0.25585
0.19474
-0.0427812
-0.00484603
-0.185788
0.420957
-0.52023
-0.435488
-0.510939
-0.564587
0.41061
-0.277052
-0.756875
-0.144278
0.426165
-0.526818
0.110848
-0.0597602
-0.23318
0.317361
0.801734
-0.0196741
0.383378
-0.382003
-0.653303
0.136449
0.210695
-0.318164
-0.285709
-0.359258
-0.912474
0.32635
0.503836
1.11031
-0.842227
-0.302718
0.431281
-0.38353
-0.96032
0.60075
-0.561049
-0.177053
-0.0842419
-0.282154
-0.40122
-0.515162
-0.342555
-0.454894
0.0211877
-0.600715
-1.37793
0.197523
0.485401
-0.219298
0.568855
-0.464933
-0.401942
-0.285507
-0.395261
-0.0106969
-0.195017
-0.15348
-0.404471
-0.589354
-0.315462
0.358782
0.117749
-0.205066
0.241905
-0.15943
-0.325863
0.191048
-0.185579
-0.671556
-0.317466
0.442343
0.0379984
0.63567
0.0499387
0.445924
0.643497
-0.706013
-0.125902
0.239349
0.164586
0.00670921
-0.174047
0.226765
-0.00874703
-0.223931
0.779991
-0.389939
-0.759593
-0.199642
-0.0172305
-0.0676905
-0.281819
0.559717
0.466088
-0.203691
-0.124407
0.0164883
-0.0444915
0.627829
-0.926141
-0.807855
-0.451043
0.152829
0.278407
0.252549
-1.18913
0.4761
