0.955546
0.607642
0.759683
0.495997
0.610231
0.551944
0.205496
0.439748
0.452827
-0.132048
0.221095
1.28079
1.00581
0.827268
0.44422
0.10861
1.07623
0.209175
1.25794
1.05922
1.51283
0.390461
-0.691109
0.938664
0.6722
0.540333
1.35562
-0.042543
0.877507
1.26312
0.952444
1.01367
0.255819
-0.407177
0.641967
0.155283
0.715186
0.232394
0.570982
0.27706
0.345937
0.810373
0.248833
0.753219
-0.476663
-0.0944364
0.447211
0.238532
0.0975049
1.29433
0.931119
0.749166
1.02926
1.1724
0.0921954
0.883879
0.672258
1.19452
0.475852
0.276802
-0.277692
0.247223
-0.522203
0.613817
0.185748
0.725897
1.02796
0.28504
-0.0332198
0.0211937
0.336538
0.142423
0.902156
0.361811
0.120271
0.500531
0.122962
0.392256
2.42748
0.578647
1.45698
-0.220078
0.763076
0.105626
0.391145
0.625932
0.375719
1.01718
-0.813554
0.22698
-0.497933
0.237397
0.261617
0.975935
0.470008
-0.329549
0.51878
-0.340656
0.0259812
0.760505
0.989509
-0.030455
0.263042
-0.173391
0.0723313
0.797704
-0.430019
-0.15302
0.187218
-0.38504
-0.962109
-0.258065
0.385269
0.76368
0.626962
0.265513
0.24155
0.155391
-0.0118905
0.141152
0.489778
0.627834
0.271172
0.250491
0.200354
0.657565
-0.231787
0.434548
0.170758
0.159462
0.254492
0.0556569
0.484172
-0.579779
0.0336076
-0.752514
1.1185
0.328965
0.105786
0.27667
0.2058
0.387748
0.637871
0.445079
0.0990353
0.144634
1.7287
1.46742
0.777733
0.727666
2.0427
0.109125
0.958287
0.0218545
0.376436
-0.00401804
1.09531
0.239443
0.0474502
-0.019741
1.038
0.188663
0.284207
0.233466
0.126706
0.386589
-0.610307
0.170092
-0.0454143
0.273548
0.506967
-0.508228
-0.482144
0.764528
0.251466
0.530442
-0.591883
0.268564
0.0286607
-0.535477
0.605403
0.856225
0.111973
-0.267586
0.729494
0.446636
0.357464
0.110584
0.704929
0.273913
0.478704
-0.056763
0.477612
-0.226661
0.0916477
-0.0307587
0.385076
1.02772
0.198259
0.533066
-0.216035
0.238788
-0.321391
0.330328
0.258468
0.582119
0.0409651
1.08139
0.659853
0.599475
0.0439832
-0.289195
0.704579
0.247087
-0.0241531
0.144445
0.381329
0.104019
-2.37845
0.709741
2.00575
-0.660536
-0.104329
1.2002
0.525279
0.241898
0.497477
-0.532481
0.243531
-0.324065
-0.69484
-0.215039
0.0874579
0.973141
0.810647
0.0989732
-2.94633
-0.248305
-0.193208
0.794436
