0.488396
-0.115878
0.675853
0.269326
0.485491
0.0950499
0.228072
0.0217482
0.0839134
-0.0845747
0.13285
0.694278
0.311191
0.150356
-0.0510348
-0.280533
0.796876
0.414268
0.604615
0.586947
0.680097
0.313461
-0.275535
0.300931
0.484085
0.456333
0.778737
-0.655765
0.325501
0.825337
0.331827
0.569483
0.243617
0.181201
0.180133
-0.100193
0.064171
0.537915
-0.20408
0.182447
0.425414
0.342361
-0.0385343
0.384889
-0.00935506
-0.101224
0.33208
0.609371
0.195808
0.640253
0.758332
0.409996
0.395598
0.591112
-0.361555
0.740831
0.576429
0.460204
0.358035
-0.318771
0.15405
0.346414
-0.59401
0.244601
0.202509
0.00126986
0.454584
0.421045
0.0241918
0.000870756
0.134912
0.241701
0.820501
0.588456
0.176399
0.600339
0.061045
0.313017
1.32175
0.414514
0.951205
0.0392884
0.454972
0.354437
-0.136833
0.237947
0.599014
0.470221
-0.35545
0.545851
0.0274058
0.320827
0.600249
1.2703
1.03258
-0.353035
-0.041932
-0.179383
-0.0747016
0.803905
0.71417
-0.345562
0.314451
0.530948
-0.267355
0.390611
0.248459
0.269141
0.526359
0.0900559
-0.437673
0.504879
0.526947
0.448564
1.05343
-0.0870701
0.22163
0.333583
-0.166258
0.546913
0.189178
0.47303
0.151135
0.227467
-0.326502
0.63986
0.316651
0.237362
0.215912
0.351667
0.210761
0.234388
0.313439
-0.27266
-0.0314154
-0.0356037
0.747769
0.512752
0.431719
0.135792
0.125067
0.622553
0.315256
0.100561
0.197273
0.691717
0.94204
0.953952
0.670705
0.567477
1.93459
-0.164375
0.893876
0.538236
0.237503
0.0815926
0.672575
-0.528993
-0.282765
0.543582
0.74053
0.228181
0.589806
0.389624
0.270546
0.071899
0.164882
0.17268
0.149083
0.466185
0.15957
-0.173991
-0.039242
0.802343
0.583481
0.0457792
-0.775804
0.275732
-0.296855
-0.621811
0.482304
0.634456
0.23414
-0.115007
0.383827
0.414336
0.572824
0.377239
0.0902944
0.188087
0.142532
0.0404889
0.321863
-0.0158037
0.419385
0.665364
0.595895
0.180697
-0.0123514
0.388812
0.147809
0.30578
-0.155397
0.380706
0.243772
0.374218
0.327945
0.812935
0.70235
0.537766
0.212827
-0.367979
0.323397
0.465292
0.204255
0.309916
0.116577
0.178966
-1.17584
0.248307
1.58822
-1.09145
-0.0434815
0.494222
-0.0256358
0.762946
0.90781
-0.334653
0.396779
0.221356
-0.448719
0.435594
0.648535
0.612605
0.861665
-0.0500737
-1.22624
0.0129441
0.111447
0.626011
