0.232413
-0.291347
0.363586
0.308072
0.208147
-0.138861
-0.222336
-0.166594
-0.0508637
-0.300535
0.0656145
0.648347
0.220292
0.256925
-0.110981
-0.285949
0.166065
-0.03755
0.29622
0.248622
0.678285
-0.0231861
-0.347635
-0.134749
0.388954
0.25736
0.420813
-0.238424
0.276057
0.136803
0.155916
0.0559964
-0.361938
-0.295986
0.0542585
-0.153256
-0.0841953
0.108512
-0.36463
0.232577
0.136016
0.168052
-0.0964123
0.0140205
-0.247624
-0.401822
0.163456
0.415202
-0.183265
0.622068
0.232968
-0.0866987
0.125283
0.249443
-0.180868
0.437931
0.132264
-0.0285543
0.138325
0.353141
-0.304767
0.342433
-0.499477
-0.1588
0.225709
-0.230297
0.237296
-0.0711906
-0.273939
-0.319926
-0.450526
0.230675
0.814563
0.607315
-0.0321801
0.145466
-0.15346
-0.19054
2.1586
0.235003
0.925937
-0.514627
0.376133
0.0611293
0.0294089
-0.131333
0.380157
0.409232
-0.560545
0.0409872
-0.346159
0.0479764
0.0716204
0.7074
0.269316
-0.426141
-0.161209
-0.604604
-0.409087
0.686529
0.244897
-0.573569
0.382929
0.239846
-0.554043
-0.134494
-0.263823
-0.0445163
-0.0531187
0.459967
-0.257249
0.0200257
0.191679
0.175376
0.775757
0.143924
-0.0709519
-0.208634
-0.384195
0.0342702
0.606361
0.0450222
-0.192184
0.203975
-0.449256
0.0848948
-0.0664558
-0.155026
0.29396
0.154502
-0.217083
-0.171543
-0.146353
-0.235321
-0.285429
-0.449749
0.347249
0.0611735
0.380768
-0.16944
-0.145253
0.382072
0.204574
-0.208353
-0.0704698
0.093723
1.01678
0.771909
0.190495
0.332996
1.57113
-0.0972469
0.452066
0.102326
0.237838
0.0312515
0.734691
0.027617
0.328628
0.136031
0.463807
0.0252259
0.0728847
0.00227657
0.017764
0.0129783
-0.0202385
-0.029922
-0.0801794
0.145451
0.0820404
-0.215894
0.513777
0.385375
0.201321
-0.0921009
-0.0997728
0.120531
-0.388593
-0.942168
0.021455
0.59414
0.217113
-0.388881
-0.10797
0.42845
0.0185562
0.253793
-1.09708
0.114893
-0.321608
-0.296883
0.18602
-0.0417896
0.262405
0.193304
0.532738
0.0778383
0.0819912
0.404942
-0.052151
0.16392
0.172175
0.232275
-0.25679
0.293676
-0.0536018
0.787428
0.27422
0.252359
0.152963
-0.0866133
0.44307
-0.0122858
0.0144562
0.29374
-0.0691577
-0.0909339
-0.468937
0.129638
1.33449
-1.18812
-0.182811
0.480293
0.173636
0.605876
0.683853
-0.393656
-0.084474
0.00824321
0.204068
0.503086
0.0343261
0.197238
0.303049
-0.27944
-1.13787
-0.144107
0.17118
0.605296
