-0.782836
-0.0693153
-0.330967
0.643933
0.372979
-0.157623
0.33247
0.394054
-0.465552
0.19737
0.150892
0.304288
-0.135184
-0.139438
0.86035
0.0145667
0.10084
0.147812
0.261659
-0.235733
-0.197248
-0.14859
-0.148762
0.43432
-0.0662862
-0.224136
0.367999
-0.928204
-0.477393
-0.644466
0.145948
-0.620552
-0.0399577
1.10463
0.673531
0.205788
-0.155715
0.0406689
0.466487
-0.299518
-0.230514
0.016614
0.750479
-0.0455226
0.618945
-0.582362
0.184513
-0.1553
-0.115066
1.10985
-0.766282
-0.188207
-0.566848
-0.381594
-0.0480731
0.401652
-0.00243183
-0.721405
-1.37026
-0.0300857
0.0381849
0.541007
0.241066
-0.848395
-0.963685
-0.737876
-0.403064
-0.136165
0.0230612
-0.271524
0.487888
0.622664
-0.301903
0.00213688
-0.378865
0.77409
0.598711
-0.458273
0.0430094
-0.0974425
0.537946
-0.375778
0.0641352
-0.0364501
-0.0396322
0.553937
-1.40802
-0.293397
-0.149996
0.674767
0.0777088
-0.537319
-0.627652
0.338311
-0.209364
0.185029
0.0837639
-0.0188384
-0.168812
0.850619
-0.0700483
1.00738
0.0047334
0.254453
0.363725
-0.682683
-0.759956
-0.196118
-0.405626
0.301874
-0.115028
-0.297632
0.322502
0.409706
0.0924975
0.804623
-0.880308
0.806325
-0.336519
1.84085
-0.355998
-0.493329
-0.0566887
0.282764
-0.0810669
0.152412
-0.18221
0.140726
-0.388733
0.728558
0.09663
-0.0633961
-0.633047
0.0189953
-0.134991
-0.274762
-0.123541
0.267054
-0.035789
0.148793
-0.804316
-0.473259
0.218867
-0.0554661
0.538342
-0.384924
0.0649222
-0.270853
-0.0246674
0.306753
-0.203
-0.376726
0.0441926
-0.676504
0.472251
0.173371
-0.423523
0.202797
-0.594616
-0.135542
-0.448714
0.143937
-0.0924303
-0.54741
-0.036315
0.459141
-0.0748402
-0.571453
0.579711
-0.503069
0.457617
0.344551
0.06192
0.911176
-0.461566
-0.180934
-0.0207487
-0.475379
-0.225888
0.148181
-0.453627
-1.00588
-1.02672
0.185655
-0.199104
-0.224683
-0.720458
-0.570796
0.0298819
-0.181003
-0.551432
-0.488305
-0.469944
0.587391
-0.427124
0.408513
0.759691
-0.618376
-0.387917
-0.073937
0.302734
0.738214
-0.621416
-0.0381767
0.404097
-0.78484
-0.300247
-0.785089
-0.0700139
-0.0457303
-0.0647024
-0.20819
-0.381762
-0.0740909
0.017994
0.468264
-0.394062
-0.474797
0.330264
0.304481
1.12249
0.00600723
0.0156453
-0.0928276
0.500278
-0.682436
-0.532256
-0.276313
-0.326842
-0.111485
0.321592
-0.251673
0.100698
1.25185
0.0348911
-0.145824
0.537248
0.174842
0.121183
0.458902
