-0.215329
0.197232
0.0874519
0.140538
0.0921918
0.187968
-0.361898
0.0922746
-0.0567294
0.154287
0.712657
0.286501
0.115519
0.260446
0.207658
0.174816
0.0128476
0.488148
-0.127028
-0.152254
-0.307496
0.206092
0.084136
0.13295
0.400196
0.208659
0.336313
-0.238644
0.0362079
0.102259
0.135314
0.0515762
0.186535
-0.0793094
-0.00419148
0.445264
-0.0871262
0.266642
0.431291
0.158215
-0.147225
-0.194475
0.0618902
-0.04184
-0.0589956
0.068979
0.394333
0.422094
0.338084
-0.108686
-0.0811501
-0.24122
0.24256
0.0613788
-0.0620395
0.299874
0.0173821
-0.0646585
-0.931965
-0.0166745
-0.00429302
0.582899
-0.0484988
-0.124195
-0.172976
0.0056381
-0.148149
-0.0171704
0.0183692
0.399926
0.194952
-0.0369524
-0.00615627
-0.00754811
0.0111318
0.229333
0.745393
-0.151003
-0.229786
-0.233649
-0.0270591
-0.520796
-0.466706
-0.207374
0.315236
0.139161
-0.104658
-0.167169
0.221528
-0.108717
0.000490379
-0.14876
-0.204974
0.363206
0.0990905
0.0401379
0.568594
0.359363
0.229776
-0.0459405
-0.126935
-0.0244755
0.392355
0.252099
0.00278085
0.21312
-0.202767
0.111308
-0.0358296
0.34971
0.216188
0.0248286
0.102755
-0.105019
0.0149069
0.941393
0.17097
0.0815124
0.204219
1.51657
-0.15821
-0.0503399
-0.384552
0.463464
-0.106952
0.368871
-0.174049
0.0949193
-0.032141
0.134243
0.0756207
-0.18241
0.118931
0.214871
-0.176115
0.180338
0.371498
0.0136454
-0.126499
-0.01994
-0.333828
0.0306741
0.182995
-0.389014
-0.177031
0.0288225
-0.176551
-0.0856544
0.0100084
0.149192
-0.136895
0.156666
0.350442
-0.327002
-0.171763
-0.0561801
0.466573
-0.161083
-0.208452
-0.475231
-0.066815
0.12585
-0.0351301
0.0101606
0.218488
-0.0331946
-0.366767
0.0841984
0.514889
0.380476
-0.222584
0.0812826
0.116414
0.305626
-0.128684
-0.0840949
-0.036826
-0.0962623
-0.179942
0.294219
0.0802899
-0.209919
-0.0124982
-0.29625
-0.0289351
-0.0401601
-0.0035682
0.133348
-0.0550246
0.266129
-0.408713
0.152501
-0.306778
0.173138
-0.146693
0.309254
0.660387
-0.577008
0.406627
-0.332962
0.275264
0.129496
0.176029
0.258222
0.374598
0.201857
0.400486
-0.129259
-0.0176925
0.0197057
0.33107
-0.0835128
0.386482
0.278566
-0.374033
-0.159838
0.306457
0.405992
-0.171711
-0.273755
0.576294
0.0650339
0.388198
0.407505
0.310167
-0.157744
0.0141408
0.247089
0.337452
-0.200953
0.482364
-0.279571
0.176594
0.385019
0.195585
-0.120817
0.377729
0.105639
0.201793
-0.146145
