-0.226765
0.416003
0.471573
0.170899
0.535129
-0.0897989
0.195954
0.881363
0.119651
1.09057
0.445865
0.0135912
0.629745
1.07845
0.609642
0.19821
0.349417
0.88285
0.541421
0.372235
-0.211031
1.02329
0.727706
0.979174
0.615219
0.756995
0.878644
-0.303423
0.162818
0.183629
0.246467
0.319994
0.531992
0.152154
0.721871
0.828871
-0.377737
0.347304
0.70682
0.840063
0.0814014
0.718387
-0.279112
0.52662
0.0716365
0.79527
0.0683256
0.807609
0.519956
-0.247111
0.141535
0.11323
-0.0665881
0.176518
0.414415
0.405199
0.152363
0.774749
-0.43716
0.519704
0.028112
0.838214
0.278026
0.292258
0.157227
0.525444
0.233898
0.14385
0.681395
0.364034
0.752978
1.03336
0.0756599
0.241146
0.335072
1.12717
0.159953
-0.204594
-0.447834
0.290317
-0.436284
0.0210964
-0.659623
-0.943613
0.586731
0.0796567
0.14137
0.25614
0.818522
-0.132254
0.189309
-0.290683
-0.0348717
-0.0652144
0.142103
-0.0688846
0.621805
1.03327
-0.0746142
0.191728
0.155865
0.125571
0.143769
0.165116
-0.301189
-0.177744
0.584483
0.88948
0.182388
0.542028
0.99794
0.529549
0.20495
-0.245639
0.127439
1.03108
-0.345206
0.183822
-0.211471
1.13598
-0.0917733
0.0400037
-0.461976
0.362543
-0.0916042
0.695771
0.0442367
-0.311894
0.338308
0.396899
0.0949571
-0.104275
0.201885
0.201885
0.0552954
0.175328
0.515877
-0.174445
0.414946
0.237742
-0.41018
0.154391
0.148193
-0.305143
-0.114031
0.330722
0.27299
-0.203435
0.662738
0.768749
0.13709
0.0855996
0.896803
-0.49671
0.0739372
0.430384
0.202704
-0.0931343
-0.0228419
-0.574877
-0.0368398
0.0374683
0.724009
0.139476
0.489695
0.355281
-0.753802
-0.604042
0.276835
-0.152897
-0.801126
0.462722
0.259949
0.572132
-0.710924
0.0904156
-0.227318
0.260237
0.454562
1.32894
0.172749
-0.235974
0.5105
-0.151545
0.500058
-0.688713
-0.0767891
0.49214
-0.265286
0.577451
-0.585828
0.110204
-0.637526
0.440999
0.195746
0.0879042
-0.0939235
-0.254159
0.60509
0.198312
0.22684
0.212005
0.354553
0.677646
0.661782
-0.204845
0.851377
0.0551443
0.463965
0.183319
0.642499
0.247236
0.394366
0.202948
-0.334665
-0.626937
-0.00336246
-0.0775294
0.428518
0.103891
1.25382
0.14284
0.437202
0.892436
0.508738
0.0466637
-0.173902
0.194967
0.256627
-0.120148
0.232799
-0.244318
-0.273692
0.713795
0.580143
0.217231
0.20535
-0.206347
-0.0979752
0.139331
