-0.613341
-0.0415878
-0.0792613
-0.42231
-0.456591
-0.446292
-1.52007
-0.339656
-0.884111
-0.0261672
-0.0277162
-0.493116
-0.222906
0.102904
0.313186
0.505438
-0.410085
0.173459
0.363284
-1.03273
-0.00259981
-0.906724
-0.282905
0.10355
-1.12857
0.190846
-0.324971
-0.172403
0.210114
-0.270644
-0.755069
0.277402
0.147126
-0.982213
-0.992817
-0.357621
-1.05045
-0.24611
0.0690503
0.0704161
0.275567
-0.351443
-0.918804
0.36914
0.0725417
-0.198478
0.870654
-0.135026
-0.111037
0.687579
-0.645611
-0.374687
-0.540751
-0.373806
-0.666245
0.44911
0.354545
0.585049
-0.982035
0.379467
0.347987
-0.429146
0.533449
0.03381
-0.339173
0.392662
-1.11818
0.354633
-0.746803
0.151888
0.143761
0.368904
0.391561
-0.748114
-0.936052
-0.386237
0.319746
0.521101
-0.202446
0.611928
0.173424
-0.556649
-0.924293
-0.244808
-0.781509
0.0897275
-0.278856
0.587004
-2.36196
0.218947
0.353038
0.394062
-0.50275
0.202929
0.179186
0.908121
0.0972165
0.144906
-0.70713
-0.640083
0.0272603
-0.0112682
0.048556
-2.10354
0.096357
-0.844774
-0.405767
0.269701
0.270702
0.0294105
0.614418
0.255023
0.250795
0.158427
-0.914096
-0.621566
-0.308774
1.28455
0.116625
0.594072
0.683423
0.774244
-0.0376515
-0.532824
0.10499
0.487052
-0.0221715
-0.21172
0.210971
-0.118579
0.587161
0.011108
-0.340111
0.483966
0.220661
0.29617
-0.0369006
-1.82339
-0.269116
0.585277
0.333229
0.124968
-0.297411
0.736494
-0.230562
0.191967
-0.851459
-0.384446
0.220291
0.788326
-0.21435
0.0901965
-0.390785
-0.472665
0.00588296
-0.232276
0.031204
-0.188032
-0.297758
-0.0213979
0.479321
-0.334327
0.262414
-0.340063
-0.150692
0.918373
-0.0234076
0.734333
-1.56381
-1.15771
0.141582
0.236004
-0.0392012
0.438331
0.195292
0.508341
-0.83431
-0.341179
-0.94109
0.223916
0.440733
-0.0346622
0.273451
0.0406337
1.6419
-0.881209
1.0481
0.784105
-1.16188
0.235944
0.12322
-0.48165
0.250894
-0.524134
0.868593
-0.440899
-0.0600383
0.440577
0.45642
0.317213
1.009
0.333494
0.819993
0.725872
-4.0212
-0.214253
0.105973
0.109946
0.205154
0.415579
1.31153
-0.168795
0.0481865
-0.686492
1.15708
-0.0882031
-0.0668453
-0.997236
0.344564
-0.347056
-0.549615
-0.444501
1.29699
0.184118
-0.285519
-0.0150802
-0.0130754
-0.100315
-0.568991
0.0816223
0.0118444
0.307222
0.205898
2.43631
0.0396679
-0.794633
0.200605
1.23371
-0.685719
0.106152
