-0.674438
-0.414551
-0.664171
-0.605154
-0.212234
-0.384602
-1.21907
-0.256955
-0.273589
0.0114883
-0.321076
-0.614756
0.00995034
0.140235
-0.315152
0.579377
-0.778671
-0.313071
-0.296324
-1.84335
0.333822
-0.263698
-0.408062
-0.037206
-1.45605
-0.101901
0.258011
-0.447478
-0.222058
0.0926146
-0.649045
0.467162
-0.0913617
-2.41388
-0.516663
-0.251925
0.181516
0.0668122
-0.0166479
-0.232804
-0.456784
-0.455289
-2.40428
0.126228
-0.451552
0.316235
0.315216
-0.101955
-0.415086
0.0349628
0.142522
-0.328095
-0.689296
-0.388223
-1.12984
0.0255258
-0.683904
-0.356098
-0.184396
0.687326
0.642731
-0.55946
0.719413
-0.280217
0.321529
0.464783
-0.105645
0.0756047
-0.710915
0.0377564
-0.400254
-0.876736
0.607051
-0.119236
-0.466172
-0.761722
-0.240272
-0.342066
-0.41102
0.0856436
-0.0509912
-1.00409
-0.0328418
-0.198154
-0.26488
0.169994
-0.232756
0.291972
-3.19156
-0.762008
0.037984
-0.16927
0.0410835
0.59231
0.500112
0.116643
-0.225774
-0.103025
-0.072457
-0.31195
-0.256587
0.099673
-0.378744
-1.95372
-0.615246
-0.478623
-0.40659
0.387109
0.227109
-1.02338
0.0796124
0.111896
-0.0381716
0.10886
-0.41226
-0.0056035
0.211992
0.199922
-2.24516
0.231061
-0.388293
-0.426772
-0.600169
-0.592792
0.479276
0.285028
0.286061
-0.145065
-0.415107
-0.900826
0.00922107
-0.224165
-0.589847
0.246814
-0.346113
0.114366
-0.287686
-1.29352
-0.131222
-0.335471
0.0130531
-0.438496
-0.610553
0.367902
-0.128739
0.260722
-0.624305
-1.21016
-1.59856
0.00602778
-0.288854
-0.774554
-0.702047
-0.250859
0.102153
0.118728
0.0711709
-0.94297
-0.17543
-0.441545
0.141761
-1.16453
0.197819
-0.0599815
-0.111508
0.336296
0.193279
0.179851
-1.47778
-0.404297
0.391528
0.400749
0.155423
-0.0598059
0.00345072
-0.170211
-0.509173
0.652706
-0.536636
-0.179342
-0.257844
-0.502605
-0.754711
-0.581788
0.546239
-0.96585
0.690303
0.304864
-0.957869
0.12734
-0.469995
-0.41512
-0.053058
-0.243959
0.050771
-0.430102
-0.135379
0.228512
0.216182
-0.241365
0.982429
-0.606851
0.337906
0.00771635
-2.87878
0.630642
-0.0769148
-0.397104
-0.43051
0.19977
0.240636
-3.02994
-0.170272
-1.38047
0.0944013
-0.482849
0.119602
-0.294518
-0.432257
0.0964717
-0.788271
-1.09182
-0.162454
-0.102892
-0.149466
0.105479
0.149022
-0.367455
-0.355469
0.0300003
-0.211971
-0.0749902
-0.120248
1.9916
-0.241583
-0.490652
-0.439307
0.848718
-0.786968
-0.241695
