0.0183618
0.533735
1.01232
-0.262008
0.129843
-0.236083
-1.2686
0.517241
-1.29748
-0.726601
0.985007
-0.294631
-0.0813011
0.261732
0.260949
0.227199
-1.28071
0.168488
1.07219
1.83889
0.101304
-0.138223
-0.642012
-0.407928
-1.64846
-0.220649
0.133679
-2.01849
-0.422134
-1.0088
-1.11933
0.240873
-0.990264
-1.39596
-1.33483
0.300434
-1.05964
-0.0678028
0.381392
0.424897
0.178341
0.50088
-1.5214
0.468747
-0.395227
0.747471
0.407182
-0.263066
-0.494029
0.267084
0.11651
0.244595
0.0236973
0.327922
-0.796627
0.439656
-0.168518
0.0264434
-0.249589
1.38957
0.753335
0.738531
1.51267
0.681732
-0.484352
1.03937
-0.78801
0.917136
-1.19205
-0.0277041
-0.191727
0.0676507
0.943148
-0.0431409
-0.987834
-1.31797
0.436856
-0.171865
-0.237301
-0.0260128
0.207649
-0.913099
0.458478
0.448583
-0.23201
0.58643
0.574082
0.980304
-2.95636
-0.364482
0.151313
0.305999
0.00932269
1.53745
1.16003
-0.964348
0.193426
-0.403754
-0.0925067
0.113128
0.482863
0.135883
-0.333564
-1.69323
0.62144
-0.417051
-0.794352
-0.0994936
0.184665
-0.962831
0.667353
1.11063
0.399984
0.846016
0.0941772
0.15956
0.717616
0.675682
-1.22476
0.70088
-0.193469
0.812268
-0.849736
-1.95431
-0.105043
0.456305
1.39404
-0.0748516
-0.17878
-0.515863
0.4357
-0.817806
-0.206571
0.734547
0.153194
0.605374
-0.11371
-0.731614
-0.0115045
-0.380369
-0.16015
-0.166953
-0.792284
1.69424
0.244901
0.855561
-0.445141
-0.480964
-0.384719
-0.3157
-0.0505003
-0.495593
-0.186263
0.274506
0.6075
-0.0928441
2.13363
-0.977524
0.300843
-0.433579
-0.0968528
-0.846463
-0.627925
0.357984
0.338006
0.155542
0.173187
-0.245277
-1.51218
-1.05287
0.240742
0.520956
0.241118
-0.0759978
-0.0219694
0.625093
-0.657623
0.800149
0.141078
-0.230461
-0.721882
-0.537215
-0.161932
-0.591841
1.96881
-0.736621
1.29671
0.174384
-1.39173
0.14776
-0.0192908
-0.131846
-0.051311
0.367154
0.618966
0.0434219
0.347744
0.878336
0.112144
-0.368112
0.701883
-0.804505
1.42557
0.733158
-4.41817
0.728966
0.272098
0.0763024
-0.905087
0.00353073
1.02906
-0.490277
-0.611594
0.777153
-0.0313603
-1.09539
0.00321177
-0.743591
1.44552
0.402414
0.327755
-1.12667
2.91248
-0.048004
-0.193597
0.370976
0.232642
0.164301
-0.230186
-0.795637
0.467765
0.149455
-0.20112
1.70246
0.423513
-0.231948
-0.546647
0.238919
-0.86564
0.224875
