0.227755
1.26981
0.405672
0.804144
-0.979454
-0.927277
0.963739
-0.00886801
0.336805
1.7153
-0.554798
0.648023
1.06144
-0.743261
0.792721
0.717654
0.671022
0.158504
0.949787
1.45993
-0.460823
0.425989
1.66895
3.09149
1.60686
1.11134
-0.906681
-0.574682
0.161028
-0.291108
0.844169
2.90468
-6.23355
0.211899
0.987175
-1.20163
0.0362401
0.847568
0.397715
0.207211
0.338512
0.931854
-0.230402
2.02984
2.18346
1.13398
0.286791
0.997005
1.24145
-0.346401
2.35471
2.87048
2.29925
1.52352
1.96328
0.746879
1.17698
1.30681
1.13433
0.864152
1.76677
-1.02773
0.372515
-0.897669
3.64876
-0.938839
1.00052
0.825297
-0.285558
2.09183
1.91658
0.294196
2.09745
1.17682
-0.822984
1.00687
0.953063
-0.196337
0.175456
0.132476
-1.81049
1.39466
3.34915
2.31253
1.14977
2.09746
0.781034
2.39315
0.808463
-0.36734
0.787873
0.409066
1.65315
0.244068
3.0599
1.0084
-0.756253
1.71809
0.787424
1.08838
-1.08276
0.854513
2.58389
-3.44458
-1.78534
2.12944
-1.02964
1.08692
1.16505
-0.00948485
0.535594
1.73075
1.41725
0.0343643
0.503869
1.5837
0.232594
-0.527686
0.282485
-1.19346
-0.313962
-0.928046
1.66311
0.667242
2.04563
0.356289
3.45492
2.06296
1.59472
0.313266
1.64323
0.0851404
0.572154
0.499361
2.21735
2.11402
-0.147465
0.153444
0.504693
0.185371
-0.300151
1.29619
1.80561
0.87623
1.55522
0.691867
1.09594
0.00690859
0.852594
0.685028
0.963631
0.992052
1.78792
1.90635
-0.145457
0.105952
0.446713
1.77262
0.671185
0.87371
-0.671722
1.75834
0.791052
0.795834
0.289661
0.11044
0.499385
0.651279
0.370838
1.2575
0.580669
0.466784
0.827407
0.509477
2.1251
-1.10073
0.929229
0.201453
1.20399
-0.622236
0.439042
1.11923
0.0174945
2.47058
-0.754173
0.385373
-0.366204
0.422671
-0.0989632
-0.560724
0.266639
0.351069
-0.734278
1.06468
-1.23167
-0.46658
0.360266
-1.10891
0.188231
1.30676
1.82309
2.96901
2.01913
0.591905
-0.223303
1.52407
0.715598
0.855758
1.16226
0.289789
0.163935
-0.681313
0.484146
1.13901
1.71723
1.44203
1.96783
0.608515
0.861646
0.269651
1.405
0.0919625
2.63912
0.265167
2.62494
1.72563
1.60438
0.760575
2.77325
-0.387308
0.477184
2.28588
-0.214407
1.0422
0.74988
0.614054
-0.252301
0.760209
-1.2567
-0.830175
