-0.359246
-0.0277933
-0.481792
-0.968195
1.35148
-1.17765
-0.497592
0.844142
-1.19371
0.333072
-1.07394
1.92492
2.07022
-0.926115
-1.17801
-0.585356
0.143765
0.327964
-1.01404
-0.167188
-0.292768
-0.0415492
-0.288191
0.103364
0.902188
1.84722
0.991131
-1.87743
1.62784
0.611247
-0.205511
0.222775
0.453437
0.166915
0.327091
-0.845806
-0.459746
0.353207
-1.00125
-0.0343514
1.92008
0.0962691
0.368987
1.41948
-0.140525
0.124152
-0.495354
0.923251
1.28271
0.90638
0.697897
-0.306692
1.74239
0.830991
0.799967
1.79343
-0.0358331
-0.336899
0.552538
1.67683
2.32994
0.697051
0.513313
0.972292
1.01925
0.503256
-0.333633
-0.681491
0.621545
0.988084
-0.170434
0.856975
1.46127
1.39289
1.7895
1.2634
0.098998
-0.997157
1.49519
-0.83402
0.915677
0.751612
1.68425
0.815758
1.56657
1.18722
0.786076
0.466139
-0.400604
-1.82061
2.12198
0.0626668
1.96048
0.480496
1.98745
-0.84618
-1.72007
-0.199267
2.58198
1.50503
2.04188
-0.420739
0.60753
2.19977
1.33819
0.225176
-0.316085
0.439218
0.237514
-0.456335
0.737048
3.02123
1.30611
-0.574376
0.459145
1.18592
-0.00647439
-1.31085
0.283336
-1.08462
0.402132
1.15224
0.347374
0.366487
0.359034
-1.89782
1.04611
0.915362
-0.303197
0.676251
-0.0374328
-1.18815
0.286743
0.328039
2.05702
1.21106
-0.831033
-1.50187
0.215531
1.67317
1.89296
0.283698
0.476505
0.379759
1.32991
0.0471487
1.03367
0.437298
0.599479
0.0562122
1.17884
-0.556776
0.697303
1.09946
-0.180072
0.193825
1.37973
1.08338
-0.289805
1.2633
1.05881
1.95694
0.753112
0.466558
0.435133
1.02071
0.849977
0.068389
0.689396
1.06434
-0.345648
-0.204381
1.06855
0.443716
1.27034
0.211074
0.367574
-0.665719
1.60605
0.125762
-0.0270028
-0.395666
0.0721043
2.19213
0.585218
1.20977
0.444411
0.314633
-0.794537
-1.55014
-0.658844
-1.05975
-1.48557
1.03713
-1.15207
0.350079
0.266808
-0.942548
-1.0099
1.3417
0.724444
1.37239
1.27379
-0.612696
-0.807394
1.24073
-0.387164
-0.262313
0.945819
-0.255089
0.268807
-0.067065
0.43359
1.27597
0.974345
2.47571
1.75934
0.316149
1.15702
2.04828
0.719958
-0.729152
1.61557
0.290722
1.68728
2.00142
2.2301
1.51613
2.09889
0.392863
0.649436
2.55356
-0.3181
1.10817
-0.351179
0.643463
-0.322756
1.92579
0.262255
-0.569963
