-0.255872
-0.444576
-0.588068
-0.693979
0.653349
-0.999117
-0.534289
0.62535
-0.916966
-0.204824
-0.791775
0.0359535
0.336794
-0.636633
-0.597777
-0.813232
-0.228406
-0.275966
-1.06941
0.104047
-0.477356
0.378538
-0.750903
0.188821
0.747594
-0.218294
0.212501
-1.70888
1.00934
0.112067
-0.108838
0.253952
-1.4075
-0.0282465
-0.392026
-1.23741
-0.347955
0.0773251
-0.964069
0.309332
1.37926
-0.220328
0.366452
0.107714
-0.766441
-0.372413
-0.325923
0.649002
0.261168
-0.00808698
0.67884
-0.337128
1.17826
0.0245837
0.481092
1.35361
0.551793
-0.417965
0.111983
0.381765
0.661387
-0.068571
0.00529674
-0.143401
0.778491
-0.105381
-0.169992
-0.6966
0.564962
0.809415
-0.458864
0.734633
0.732856
0.391102
-0.2756
-0.733198
-0.907494
-0.776286
-0.104566
-1.13028
-0.260227
0.0560191
1.10943
0.673291
0.554129
0.822939
0.538141
-0.14177
-0.0570256
-0.821389
1.25373
0.195369
1.44165
-0.423367
0.770308
-0.675945
-2.45794
-0.164186
1.43079
0.417114
0.154069
0.116517
0.647894
0.98178
0.0441195
-0.135531
-0.272287
0.290901
-0.0508656
-0.196119
1.29401
1.59676
1.06824
0.0567823
0.100908
0.47969
0.135961
-0.421186
0.129662
-1.14591
0.0446552
-0.388997
0.687245
1.20526
1.19451
-0.622462
0.505001
0.847834
-0.0970329
0.321855
-0.657431
-0.802547
0.197842
0.629321
1.342
0.400867
-0.64081
-0.60468
-0.358056
0.658995
0.440332
-0.0967948
0.339721
-0.141782
0.0786498
-0.405087
0.300773
-0.458219
0.557649
-0.383242
1.07301
-0.741683
0.660244
0.898505
-0.242871
-0.336699
0.937768
0.777616
-0.100307
0.893297
-0.317923
1.02283
0.065746
-0.0519042
-0.145745
0.131126
-0.116308
0.363086
-0.338827
0.530474
0.504798
0.558248
0.570513
0.0339594
0.478037
0.211892
0.245027
-0.509295
0.893881
-0.678102
-0.191135
-0.141865
-0.450794
1.26829
0.107942
0.0840761
0.399733
0.295801
-0.439282
-1.16144
-0.60265
-0.367489
-1.11776
-0.0731079
-1.73403
-0.377812
-0.227485
-0.667535
-0.680158
0.660789
0.445424
1.60663
0.9442
-0.63111
-1.05456
0.370886
-0.300013
-0.313365
0.857996
0.0876966
0.119327
0.126901
0.401984
0.339627
0.738382
0.932273
0.382597
-0.111747
0.675645
0.783575
0.626112
0.298505
1.2278
0.658699
0.987614
1.27083
1.81795
0.0476089
0.402189
-0.00064935
-0.0358741
1.24446
-0.136607
0.484243
0.0963967
0.633716
-0.711319
0.914429
0.795474
-0.441227
