0.112479
-0.12686
-0.408191
0.469933
0.445967
0.156004
-0.311467
-0.126289
-0.49628
0.388808
1.09623
0.0569188
-0.0181585
-0.0900653
0.685328
0.223464
0.6842
0.754853
0.347282
0.114087
0.736808
-0.557603
0.176047
0.260011
-0.0894963
-0.239185
-0.360797
-0.00560137
0.0222687
-0.286398
0.544542
-0.0218827
0.104439
0.532069
-0.16579
-0.138398
-0.171878
-0.177522
0.158788
0.236844
0.235211
0.440207
0.255267
1.28478
0.142082
-0.139234
-0.309866
0.464878
1.02996
0.593365
0.352642
0.386237
-0.439175
0.48316
0.9686
0.155037
-0.298774
-0.0125035
0.0835163
0.608807
-0.588707
-0.703813
0.36338
0.405788
-0.042318
0.0320442
-0.0669082
-0.0707663
0.468262
0.106612
-0.660819
-0.666968
0.12501
0.145557
0.200055
0.813422
0.152915
0.720898
0.543141
-0.180417
-0.477669
0.461971
0.204342
0.468859
1.3895
0.587
0.307136
0.268146
0.746965
0.26168
-0.268915
0.432688
0.618819
-0.668456
-0.213815
-0.948791
0.960016
0.650721
0.74539
0.109239
0.578007
-0.190576
0.180903
1.17678
0.52891
0.555703
0.508797
0.270242
0.329224
0.349972
0.664664
0.478574
0.844361
-0.104096
-0.403988
0.510488
0.511849
1.22829
0.0799381
0.480477
0.168835
0.743985
0.231227
0.0913226
0.54743
-0.0813065
0.152368
-0.194632
0.270517
-0.0877596
0.395108
-0.272612
0.64008
0.524352
0.862241
0.253219
-0.164791
0.864291
-0.283876
0.666996
0.525415
-0.224214
-0.380955
0.77802
0.0372897
-0.293397
0.0505644
-0.128908
0.358445
-0.515998
-0.1359
0.5797
0.249858
0.453964
1.84729
0.730338
-0.204121
0.466596
0.743465
-0.18192
0.613835
-0.356626
1.25109
-0.156319
-0.0686023
0.40236
1.49051
-0.864143
-0.0344569
0.595106
-0.0170675
0.412418
-0.0771274
-0.268058
0.523726
1.54807
1.45767
0.268291
-0.264357
0.597452
0.275173
0.245859
0.575507
0.120001
0.298672
0.172332
0.34161
-0.194691
-0.180404
-0.146211
0.190212
0.475996
-0.14622
0.591985
0.61959
0.30604
0.03274
-0.0235653
0.305302
0.794297
