0.0254408
0.243345
0.396298
0.991797
0.445132
0.448565
-0.385205
0.574233
-0.478397
0.742998
0.848158
-0.911314
0.645781
0.261413
0.174519
0.52005
0.336903
0.783481
0.549907
0.497372
0.418993
0.416169
-0.123668
0.375414
0.126641
-0.0136833
-0.33377
-0.00554365
-0.113254
-0.274042
0.461955
-0.176237
0.752605
0.116987
0.689687
0.277579
0.194466
-0.0538948
-0.183022
0.58288
0.556936
0.491527
0.566577
0.925567
-0.647253
-0.853199
0.246596
0.901026
1.11432
0.171202
0.709646
0.151283
0.128865
0.207275
0.019602
0.141915
-1.17536
-0.0331972
-0.472754
0.670886
-1.41687
-0.041595
-0.416549
0.628114
0.461388
-0.120951
1.36752
-0.0430279
0.560589
-0.565048
-1.24865
-0.319015
0.0064321
0.775238
0.144287
-0.030976
0.210524
0.608153
-0.261797
-0.137088
0.320482
-0.542476
0.442342
0.247711
-0.174167
0.961481
-0.263615
0.31826
0.21203
-0.178259
-0.412377
0.315146
0.610167
-0.506219
0.403543
0.424543
0.48819
0.6313
0.327021
0.392204
0.449625
-0.0590397
0.615864
0.45179
1.06716
0.58461
0.0387749
0.45213
0.110606
0.148107
0.902359
0.027905
0.583658
-0.305544
0.195347
-0.627345
0.686324
0.816303
0.130023
1.36864
0.588873
0.894585
0.433022
0.664366
0.723702
0.445388
0.560186
-0.152884
0.650023
0.237696
0.912836
-0.24747
0.14819
0.170098
0.801794
0.781323
-0.572132
0.516018
0.0497838
0.663757
0.555492
0.248644
-0.0374421
1.39786
0.580652
-0.548937
-0.382594
-0.321602
0.461978
0.0701733
-0.143924
0.221926
0.258953
0.712095
0.658333
0.541298
0.137725
-0.145983
-0.530581
-0.243408
-0.226762
0.0549971
0.335518
1.43489
0.0719082
0.458522
0.939434
-1.81041
0.678657
0.241526
1.05636
0.079157
0.00543186
0.717366
0.613411
1.03794
0.558591
0.464627
-0.00738773
-0.228612
-0.0144777
0.115384
-0.452339
0.107431
0.124262
0.157458
0.343602
-0.176509
-0.140349
0.228577
-0.0244275
0.0727296
0.273726
0.599354
0.506067
0.884308
0.0961665
0.416609
0.879851
0.900461
