0.416956
0.132092
0.2346
0.8736
1.18518
0.122716
0.203006
0.208659
-0.0201923
0.972684
1.15122
-0.725624
0.257044
0.181445
0.701229
0.536296
0.598995
0.426804
0.319693
0.348106
0.363392
-0.218232
0.446114
-0.0385956
0.503506
0.408289
-0.355954
0.239702
0.918641
-0.0469164
1.1098
-0.0646874
0.434267
0.742076
0.638065
0.0134884
0.451314
0.172521
0.0133583
0.461445
0.603796
0.696204
0.432503
0.496343
-0.50306
-0.129559
0.0249626
0.757139
0.753448
0.641137
0.924394
0.388726
0.121595
0.453399
0.545512
0.352523
-0.394869
-0.293364
-0.170499
0.298414
-0.597335
-0.63409
-0.240193
0.157759
0.853337
0.333958
0.758993
-0.162652
0.617497
0.000906267
-0.79068
-0.145113
-0.0117328
0.456478
-0.043086
0.213705
0.493225
1.23274
0.152571
0.102108
0.439834
-0.0726978
0.818087
0.88633
0.412478
0.406972
-0.184283
-0.527397
1.18672
-0.216195
-0.657826
0.0751804
0.0469706
-0.351246
0.242877
0.0409313
1.32883
0.753461
0.0494248
0.563246
0.353217
-0.15126
0.346694
0.588352
0.817145
1.07897
0.075253
0.815909
1.04702
0.130842
1.26444
0.45476
0.610417
-0.921821
0.474036
0.38642
0.0640451
0.88806
-0.294838
0.733741
0.752067
0.518005
0.793068
0.449915
0.361422
0.603884
0.871821
0.16416
0.483456
-0.157319
1.11789
-0.617369
0.751613
0.625236
0.936213
0.839658
-0.0796539
1.00358
0.35211
0.809018
0.285433
0.168967
-0.881059
0.3398
0.1713
-0.66835
0.0891675
0.335704
0.294726
-0.10384
0.230377
0.403135
0.423397
1.1361
1.44362
1.08914
0.104977
0.495703
0.399417
0.0322154
-0.267252
0.123413
0.872865
-0.0646679
-0.20493
0.425445
1.13932
-0.398915
0.052511
0.331197
0.134943
0.348412
0.00890853
0.458047
0.32286
1.49337
0.734997
0.253951
0.728154
0.458639
0.102862
0.320963
0.150273
0.58734
0.495293
0.264847
0.182819
0.195754
0.465883
0.102562
-0.477914
0.40824
0.160897
0.585199
0.586511
1.06365
0.620153
0.0308674
0.838274
1.05576
