0.70568
0.673639
1.03163
0.351971
0.302382
0.595199
-0.0217521
0.863691
0.740998
0.775922
0.82585
0.755802
0.736936
-0.804374
0.757951
0.751385
0.291608
0.615579
0.0885264
0.346053
1.44081
0.240956
0.847164
0.130823
-0.30679
0.761429
1.12222
0.662464
0.415844
0.745072
0.0237851
0.571263
0.335165
-0.056152
-0.234046
1.02196
-0.00943777
0.211107
0.602444
0.40622
1.04651
0.440936
-0.13261
0.249506
0.155799
0.621525
-1.17303
0.491948
0.522055
0.483328
0.826888
0.968749
0.02865
0.576321
0.50255
0.270732
0.439975
0.238458
0.633759
0.687977
0.476766
-1.92816
0.65645
0.956878
0.229671
0.516745
1.01541
0.532409
0.0710662
-0.06949
0.625509
-0.0845541
0.457259
-0.104643
0.717263
-0.453421
0.408761
0.465059
0.612654
0.0657433
1.49396
-1.68475
1.10409
0.424763
-0.243537
-1.98341
0.0414984
0.988794
-0.530581
0.590313
-0.073566
-0.306408
0.710168
0.216751
0.869348
0.562183
0.272484
0.739557
0.711257
0.579986
0.437179
0.482976
0.611152
0.793891
0.873535
-0.463835
1.92774
0.875556
-0.166131
0.00567183
0.989394
0.172173
1.772
0.101297
0.5791
1.04269
0.0698719
-0.129225
0.606105
0.698431
0.0298338
0.181001
0.460187
0.810276
0.654744
0.653831
0.0401997
0.187036
0.81618
1.06642
1.09077
-0.635714
0.382634
1.67707
-0.707291
-0.290896
0.00941108
0.633177
0.516476
1.31183
0.8375
0.766969
0.833696
0.248636
0.193599
0.701336
0.692588
0.333377
0.680538
0.739127
0.783001
-0.319466
0.746812
-0.365512
1.04145
0.270965
-0.682538
1.28596
-0.0550664
0.228536
0.540377
0.514892
0.81909
-0.111229
0.294876
0.196036
0.424243
0.319486
0.536425
-0.0600025
1.4981
-0.120241
1.63397
0.495769
-0.180322
-0.124949
0.703195
0.199339
0.366123
0.600281
0.441842
1.11241
1.03941
0.841822
0.779301
1.21269
0.0703021
0.946816
0.515716
-0.201723
1.04123
-0.320452
-0.0265372
0.00741095
1.28436
0.969962
3.6099
0.611935
0.698925
-0.00689165
0.180193
-2.3197
