0.340858
0.278772
0.216495
0.52354
-0.144947
0.0446583
-0.183839
-0.175519
0.227875
0.268284
0.0782695
0.366877
0.188077
-0.0687238
0.457667
0.201015
-0.274727
0.31039
0.00228704
0.17033
0.833378
-0.392357
0.475645
0.259943
0.388543
0.300253
0.304497
0.133691
0.7849
0.233487
0.183686
0.505662
0.0683319
0.422445
-0.138719
0.460958
-0.110466
0.387788
0.310517
0.296104
0.512282
0.229724
-0.0905097
0.25665
0.0733972
0.0874816
-0.132001
0.372002
-0.0103913
-0.197743
0.386695
0.431827
-0.29151
-0.0138864
0.0420031
0.220278
0.107576
-0.269478
0.234947
0.127204
0.119423
-0.701364
0.167386
0.655704
0.27156
0.0904009
0.671467
0.514194
-0.264269
0.118099
0.908645
0.323077
0.457992
-0.219402
0.132499
-0.0766235
0.00699546
0.159244
0.134731
-0.0323328
0.96396
0.611257
1.1657
0.130165
-0.336411
-0.767739
0.224988
0.318358
-0.129274
-0.326971
-0.111924
-0.099018
0.235357
0.0279535
0.137965
0.312155
0.121713
0.975454
0.199487
0.402945
0.154334
0.0940815
0.361433
0.295924
0.134007
0.220403
0.842874
0.592715
-0.430598
0.369226
0.481084
-0.496121
1.01947
0.175906
0.17435
0.34153
-0.0756714
0.0937124
0.082545
0.279628
0.251493
0.348802
0.506292
0.0617314
0.132545
0.175459
0.703555
0.0583842
0.605324
0.652208
0.614568
-0.0360306
0.546303
1.06113
0.946207
-0.142469
0.172354
0.42735
0.356499
1.56691
0.628721
0.200911
0.430899
0.229822
0.0174069
0.294974
0.336272
0.0561174
-0.0121955
0.4642
0.0878462
0.225164
0.574376
-0.77229
0.088861
0.341564
-0.408526
0.920018
-0.0364378
0.134963
0.488755
0.133629
0.440413
0.041421
0.0314657
0.183255
0.436069
-0.0562546
0.333096
0.468177
0.555878
-0.245817
0.402543
0.454239
0.268111
-0.0168306
0.330367
0.292971
0.319487
0.0717932
0.205001
0.387398
0.478614
0.509616
0.0689489
0.491606
0.215256
0.327756
0.565186
-0.138292
0.217968
-0.494324
0.0446986
-0.17995
-0.0404148
0.639157
1.81168
1.05091
0.554448
-0.309953
0.260806
-0.213333
