0.323424
0.181907
0.337853
0.417453
0.632724
0.241386
0.116929
0.471713
0.432734
0.336805
0.309348
0.715444
0.490093
0.479845
0.243901
0.227203
-0.148964
0.632193
-0.0781891
0.183255
1.47054
-0.193721
0.582156
0.328168
0.0194652
0.594847
0.0822698
0.0567732
0.960708
0.754432
0.166241
0.936446
0.0988822
0.426656
0.0546244
0.712364
-0.0314062
0.538067
0.537438
0.302992
0.846434
0.394074
0.114172
0.0996867
0.0766422
0.427124
-0.0267341
0.490906
0.314762
-0.132864
0.118465
0.456638
-0.285275
0.000236053
0.105785
0.292958
0.519406
0.0437199
0.623351
0.435115
0.171243
-0.835237
0.686977
0.624476
0.588128
0.433512
1.04034
0.725805
0.0297111
0.669617
1.22879
0.280899
0.72149
0.0389934
0.249261
0.163329
-0.0378541
0.268267
0.449113
0.26252
0.971743
0.188092
1.33672
0.571052
-0.188761
-0.0741487
0.53163
0.502377
-0.14779
-0.681717
0.129849
-0.369269
0.0724805
0.395825
0.252763
0.593148
0.391356
1.45125
0.849682
0.505145
0.247579
0.466291
0.92805
0.568114
0.452249
0.192495
0.81834
0.308759
-0.0326796
0.632495
0.419963
0.233046
0.92602
0.53524
0.556885
0.346319
0.0959324
0.472473
-0.138991
0.595079
0.841798
0.564326
0.576088
0.523019
0.589466
0.250493
0.584893
0.401826
1.0947
0.54149
0.62201
0.547638
0.365969
0.337429
-0.152319
0.0462464
0.253447
0.445848
0.467557
1.65738
0.813201
0.36557
0.902095
0.302328
0.231578
0.783229
0.494651
0.680659
0.414262
1.01134
0.226192
0.365102
0.767557
-0.73782
0.917956
0.732388
-0.432485
1.18868
0.567228
0.339001
0.387082
0.774921
0.768759
0.413935
0.298677
0.143514
0.687746
0.307195
0.539596
0.914472
1.011
0.211669
0.585943
0.476927
0.177948
0.319478
0.505154
0.103008
0.449178
0.155959
0.395098
0.732841
0.823481
0.964355
0.167123
0.687177
0.412286
0.520725
0.67855
0.170388
0.349796
-0.803056
0.260243
0.490775
-0.158759
0.892789
1.4379
1.32957
0.834099
-0.0639393
0.410324
-0.284678
