0.130182
0.497911
0.0353841
0.045221
0.167654
0.364733
-0.139812
0.495497
0.264131
-0.152725
0.29278
-0.0741965
0.402915
-0.172659
0.189229
-0.145874
0.0749826
0.233217
0.0634475
-0.262946
-0.26124
-0.291597
-0.183091
0.390405
0.0823003
0.205989
-0.283874
-0.336458
-0.140221
-0.114108
-0.141542
-0.10044
-0.404137
-0.365088
-0.294808
0.195352
0.161989
-0.152645
-0.0610958
0.0272313
0.207761
0.407108
0.278899
-0.11303
0.0743884
-0.195503
-0.179405
0.0702458
0.245875
0.0546291
0.183538
0.546566
0.14467
0.545942
0.287195
0.331941
0.476356
0.024098
0.0207768
0.0768025
0.213318
0.167866
0.0697223
-0.167268
0.101596
-0.278096
0.13409
0.0488812
0.299625
0.473928
-0.0584181
0.289925
0.253381
0.413311
-0.392252
0.590376
0.0560941
-0.0894588
-0.0782438
0.13266
-0.181173
0.482233
-0.14862
0.0965223
0.311569
0.256348
-0.0375027
0.145056
0.0626692
0.1322
-0.155677
-0.263349
-0.657732
0.105094
-0.426257
0.225531
0.0828101
0.0333797
-0.0147837
0.0613657
0.181296
0.233493
-0.0865039
-0.098092
0.313984
-0.278133
-0.483809
0.0276273
0.184169
0.186366
-0.0737695
-0.00360726
-0.0208716
-0.330993
0.105029
0.0553391
0.00379851
0.178123
-0.0525946
0.361909
0.415614
-0.199277
0.368864
-0.283984
-0.297268
0.238051
0.224586
0.15599
0.0429772
-0.127677
-0.224936
0.00243966
0.250171
0.03245
-0.507244
0.255704
-0.158955
-0.0115117
1.10662
0.0502302
0.152767
0.284776
0.50417
0.225503
-0.141907
0.567211
-0.233929
-0.426466
-0.610557
0.0939441
-0.160665
0.304991
0.239752
-0.33679
0.317895
-0.316043
0.0539188
0.388473
-0.074377
0.288317
0.392259
-0.328638
0.498539
-0.278448
-0.30127
0.203123
0.373141
0.00196239
0.429593
0.0377083
-0.559654
0.0103117
0.667033
0.472362
-0.237991
0.107909
0.104065
-0.0958413
1.00859
-0.150559
0.0511343
0.313695
0.226287
0.115784
-0.118369
-0.0426881
0.178915
0.0611002
0.0490304
0.0319871
-0.127863
-0.0208875
-0.0651878
0.201704
1.04914
0.428991
-0.574393
-0.423558
0.00716738
-0.561726
0.170826
-0.193006
0.117078
0.270077
0.0280048
0.137514
0.347835
0.00941555
-0.339914
0.124101
0.615142
0.143901
-0.312198
-0.602367
-0.519801
-0.763875
-0.271926
0.472818
0.139254
0.310103
0.475548
0.0664928
0.121953
0.0371717
0.204975
0.0829008
0.0426167
0.0131018
-0.337131
0.149854
0.448238
0.109447
0.441707
-0.470646
-0.0632482
-0.102448
0.156412
0.12104
-0.883706
-0.154324
