0.336207
0.00476695
0.141586
-0.403651
0.540924
0.27585
0.520439
0.0674748
-0.220789
-0.450841
0.519947
-0.345538
0.303742
-0.172708
0.0602006
-0.422729
-0.0338847
0.699726
-0.103637
-0.32487
0.0200047
-0.285755
-0.0516098
0.424925
-0.624927
0.631042
0.17053
-0.508076
-0.84035
-0.207585
0.130075
0.429475
-0.308338
-0.134663
-0.626392
0.492869
-0.023379
-0.501142
-0.5265
-0.0635547
-0.402721
0.11246
0.496772
0.0194722
-0.0547577
0.281618
0.13797
0.868729
-0.448781
-0.386089
0.384811
0.156218
-0.496988
-0.121268
-0.0153264
0.385648
0.201865
0.77245
0.143054
0.250985
0.282852
0.129451
-0.188032
-0.466384
0.0187439
0.0665546
0.124558
-0.401107
0.790231
0.034293
-0.624501
0.108072
-0.0302288
-0.212069
0.448608
0.691911
0.0312638
-0.0483146
0.431964
-0.196604
-0.507594
0.204193
0.529563
0.48809
-0.446353
0.580228
0.101433
0.524289
0.347037
0.255718
-0.371097
-0.503047
0.685133
0.191675
-0.0919415
0.731184
0.104283
0.91986
0.0853379
-0.19214
0.0605932
0.283873
0.321315
-0.451914
-0.0333817
-0.886512
-0.275442
-0.524539
0.466304
-0.389669
-0.113844
0.489884
0.509876
0.27837
0.3844
0.179744
-0.46078
0.328316
-0.147479
1.04556
0.206183
0.486839
0.32106
0.416204
-0.618823
0.399343
0.432447
-0.0187698
-0.0170622
0.020135
-0.6707
-0.0818563
0.605294
0.24202
-0.721029
1.00892
-0.241554
-0.00528015
1.44649
0.305931
0.214505
0.302613
0.120633
0.616538
-0.497667
0.160032
0.0741474
-0.152132
0.112667
0.106359
-0.594884
0.85778
0.667159
-0.491492
0.427569
0.30125
0.188991
0.471294
-0.930611
0.112542
0.313468
0.24068
0.42086
0.0659813
-0.122088
0.591614
0.710175
-0.457867
-0.132692
1.05007
-0.654811
0.255448
0.701967
0.568099
0.0859063
0.207874
-0.00893779
0.0825412
1.08815
0.117479
-0.0372624
0.442912
0.555268
-0.0594898
-0.399234
-0.224159
0.321128
-0.2671
0.395915
0.290591
-0.228118
-0.346598
0.339119
0.512699
1.10822
0.257842
-0.838501
-0.385789
0.440357
-0.678605
-0.0374881
-0.21848
0.0693878
0.66901
0.103173
0.539899
0.154882
0.48584
-0.751151
-0.269597
1.40235
0.152603
-0.11757
-0.707771
-0.614487
-0.692986
-0.420661
0.533422
0.206414
0.582772
-0.310612
0.192539
-0.116053
-0.266884
-0.130627
0.478806
0.388557
-0.0892561
-0.0709344
0.446542
1.0087
0.923601
-0.509226
0.0159735
-0.443335
0.504107
0.0836473
-0.0374692
-1.36703
-0.00431275
