0.182165
0.317477
0.0420753
-0.281623
0.283029
0.492489
0.204426
0.238124
0.116162
-0.351266
0.368821
-0.414296
0.346082
-0.394063
0.262167
-0.0789086
0.185873
0.615525
-0.0138722
0.00970858
-0.135596
-0.369589
-0.128625
0.306075
-0.481358
0.233057
0.204172
-0.501955
-0.632235
-0.106107
-0.0834248
-0.0972567
-0.348996
-0.300721
-0.639266
0.746451
0.0131704
-0.196308
-0.2375
0.182479
0.0821255
0.0586948
0.25772
-0.0504436
0.125251
0.331228
0.00562542
0.297872
-0.0966827
0.115475
0.270765
0.384836
0.229137
0.437778
0.23169
0.400266
0.177283
0.151051
-0.108706
0.289182
0.300637
0.0976027
0.0518869
0.10449
0.207062
0.0292378
0.231563
-0.222665
0.182218
0.347834
0.057216
0.454635
0.0203526
0.162664
-0.0086313
0.269632
-0.0421375
-0.0785142
0.51944
-0.169651
-0.368475
0.598302
0.095231
0.501469
0.0231841
0.63858
-0.0218091
0.327681
0.103385
0.282277
-0.0701902
-0.343172
-0.13314
0.170762
-0.196602
0.339052
0.230075
0.191937
0.374746
-0.105905
0.0593779
0.119712
-0.256331
-0.125972
0.197775
-0.645904
-0.610349
0.0241293
0.261362
0.427187
-0.482462
0.284699
0.157535
-0.569857
0.149819
0.0354462
-0.282178
0.30675
-0.128398
0.281056
0.409039
0.071902
0.391042
-0.203038
-0.390259
0.169894
0.129733
-0.35892
-0.093961
-0.117123
-0.199923
-0.211904
0.260308
0.503437
-0.540569
0.648508
-0.0983614
0.156732
1.03517
0.0122782
0.409564
0.996437
0.469936
0.107359
-0.359711
0.142149
0.289766
-0.123302
-0.190255
-0.141126
-0.520046
0.84074
0.346797
-0.000653636
0.216684
0.0747747
0.221747
0.309906
-0.431346
0.0649059
0.779783
0.0389106
0.599446
-0.40426
-0.114035
0.392
0.31903
-0.0981045
0.378274
0.0885023
-0.461662
-0.405401
0.601267
0.629179
0.0481494
0.160682
-0.0161724
0.0252365
0.784594
0.248971
-0.0274423
0.318648
0.302843
0.130294
-0.384616
-0.173446
0.472354
-0.177741
0.383817
0.150365
-0.383367
-0.514331
0.161173
0.26242
1.29218
0.463598
-0.786425
-0.36504
0.303955
-0.521132
-0.0174571
-0.457284
0.404931
0.745728
0.0735116
0.168989
0.304006
1.07826
-0.409343
-0.0697848
0.800639
0.248427
-0.179677
-0.898064
-0.457846
-0.627415
-0.470892
0.600792
0.276434
0.0901733
0.459595
0.292519
-0.0045309
-0.138488
-0.0560307
0.0878712
0.113949
0.135218
-0.235781
0.482322
0.486173
0.382102
0.0817418
0.208742
-0.451869
0.0777681
0.323708
0.071016
-0.787854
-0.31897
