0.253657
0.385245
0.149941
0.687027
0.40645
-1.10017
0.217117
0.255552
0.201704
0.226883
-1.58883
-0.408707
0.174986
0.225746
0.127185
0.611147
0.28151
0.393529
0.167716
0.177518
0.522932
0.958688
-1.94975
6.45241e-05
0.270811
0.557427
0.264447
0.0262306
-0.0239737
0.205661
0.179358
-0.709358
0.520168
0.623786
1.03492
-2.27684
0.671432
0.0536746
0.520688
0.321651
0.333201
0.583857
0.389817
0.147441
0.483642
0.605283
0.0422932
0.434317
0.480564
0.533639
0.376397
0.243774
0.295526
0.362347
0.400244
0.300239
0.63062
0.388331
0.282245
0.0799807
0.282955
0.286563
0.4869
0.460803
0.518574
0.406728
0.150242
0.392638
0.423503
0.672165
0.410547
0.290975
0.247027
0.497983
-0.0177721
0.555802
0.113872
0.403196
0.221952
0.114023
0.444381
0.327982
0.445218
0.530395
0.153975
3.21416
0.48033
0.309031
0.868947
0.568272
0.865979
0.6299
0.123422
0.357682
0.162844
0.232383
0.696556
0.300545
0.395811
0.233286
0.033143
0.335073
0.166938
0.10119
0.34303
0.394233
0.0536645
0.581849
0.565025
0.387269
0.262009
0.91705
0.135163
0.0355693
0.496812
0.0808812
0.20137
0.183135
0.216012
0.618721
0.0886742
0.378702
-0.210699
0.413786
0.0331695
0.863728
0.543923
0.234674
0.294863
0.660561
0.58995
0.967695
0.40819
0.245461
0.0557778
0.52155
0.397193
-0.726648
0.598312
-0.0331751
-0.0487002
0.463984
0.423533
0.519298
0.11051
0.378538
0.424726
0.246993
-0.181906
0.297399
0.445505
0.588331
-0.397892
0.224736
0.453035
0.689731
0.29712
0.638655
0.291558
0.277678
-0.433633
0.170176
0.217387
0.465133
0.440772
0.443128
0.344856
0.493507
-0.0763147
0.369216
0.76029
0.105112
0.296982
1.1976
0.349057
0.30152
1.29693
0.544121
-0.192054
0.51209
0.625882
0.198414
0.692404
0.539207
0.347542
0.265645
0.57732
0.373334
-0.163981
0.212906
0.321949
0.0659715
0.139111
0.354268
0.93213
0.280783
0.340417
0.796419
-1.34283
-0.105552
0.482113
0.226276
0.834047
0.823112
0.663011
0.162239
0.500029
0.516271
0.410339
0.469519
0.327358
0.355896
0.426307
0.00947782
0.608944
-0.174549
0.203172
0.604317
0.242573
0.317066
0.576169
0.506084
0.388277
0.411022
0.703174
0.807521
0.619935
0.59153
0.534419
0.560993
0.684177
0.298714
0.234744
0.22384
0.494919
0.40944
0.138035
0.377234
0.216402
0.338494
