0.126341
0.176424
0.140677
0.394296
-0.0606767
-1.16352
0.0340936
0.195816
0.0702224
0.30193
-1.30261
-0.031482
0.292489
0.504766
-0.0388713
0.268172
0.061591
0.695881
0.186025
0.247881
0.0589897
0.486738
-0.675603
-0.385068
0.391497
0.297238
0.157738
-0.210329
0.875966
-0.00594995
0.0124336
-0.920638
0.380831
0.584313
0.518968
-1.53165
0.305781
-0.0992529
0.409046
0.367853
0.233034
0.59568
0.264082
0.339936
0.696468
0.485172
0.715028
0.267838
0.431859
0.395797
0.162613
0.230825
0.0832859
0.281174
0.115227
0.0476095
0.513881
0.136465
0.140212
0.569793
0.0614193
-0.0443631
0.287006
0.371738
0.338197
0.105235
0.253342
0.132554
0.0299803
0.497588
0.201904
0.0897732
-0.112499
0.237101
0.172266
0.455336
0.215328
0.316748
-0.0473786
-0.0060087
0.252216
0.212672
0.330266
0.38017
-0.0725129
-0.516017
0.131828
0.452504
0.626134
0.371639
0.657603
0.489988
0.111357
0.770105
0.169768
1.51117
0.318184
0.179343
0.197713
0.274101
-0.40166
0.339869
-0.0485104
-0.172948
-0.106056
0.369969
0.198809
0.679342
0.4966
0.193275
0.25973
0.259656
0.0166421
0.803971
0.932542
0.782687
0.0370441
-0.445587
-0.10227
0.311106
0.0735912
0.224378
-0.0378748
0.257771
0.0880345
0.426147
0.241185
0.157004
0.0496333
0.360139
0.394604
0.26963
0.0428452
0.00972486
0.15945
0.393882
0.696939
-0.583069
1.38867
-0.147687
-0.111592
0.00260735
0.302174
0.465236
0.00173076
0.280427
0.273228
0.200863
-0.0502581
0.119075
0.533507
0.107642
0.494859
0.50056
0.519394
0.606964
0.566313
0.479838
-0.104043
0.858478
0.0348274
0.68325
0.544459
-0.0522861
-0.0658735
0.38905
0.091617
0.258614
-0.0439013
0.184912
0.406783
0.302059
0.334613
1.10791
-0.0621842
0.206205
-0.314187
0.102603
-0.00585862
0.525289
-0.00181791
-0.35486
0.261751
0.590815
0.303639
0.365754
0.591479
0.720984
0.500915
-0.032448
0.388439
0.342394
-0.140193
0.386863
1.1626
0.265986
0.279157
0.510866
0.332342
0.0567483
0.182693
0.533028
0.253136
0.243354
0.145732
-0.221841
-0.0160627
0.809626
0.250536
0.349104
0.142942
0.28898
0.262464
-0.357521
0.43075
-0.0873474
-0.10537
0.324616
0.643914
0.252603
0.4171
0.488035
0.271094
0.447755
0.943987
0.639346
0.391973
0.246398
0.0301503
0.554145
-0.0524059
0.641988
-0.202861
-0.116491
0.380599
0.407678
0.361955
0.223469
0.178146
0.349434
