0.0454201
0.664251
0.611325
-0.109423
0.525736
-1.55066
-0.062144
0.515645
0.547084
-0.221411
-2.14466
0.75373
0.774796
0.147708
0.277385
0.483372
0.599225
0.394776
0.590201
1.01629
0.744052
0.525799
1.68428
0.955163
0.490994
0.601899
1.06527
0.148154
0.215666
0.386498
0.146334
-0.882362
0.715324
0.447575
0.492003
-0.307338
0.516723
0.0218692
0.953893
0.782054
0.553344
0.204918
1.50377
0.584697
0.619469
0.793986
0.136775
0.921392
0.922922
0.542748
0.236197
0.766066
0.801193
0.680553
1.06188
0.789712
1.29115
0.448104
-0.0267868
0.556893
0.687912
0.102308
0.668344
0.177635
0.898142
1.6461
0.0960567
0.531944
0.830261
0.490365
0.900733
0.1995
0.0177169
0.594543
0.245306
0.926734
0.54259
0.412964
0.638124
0.0662835
0.314704
-0.276673
0.440105
1.29971
0.565505
-3.29749
0.930647
0.556896
1.12738
0.795154
0.990986
0.609184
-0.72552
0.815681
0.348516
-0.866194
0.903295
0.68375
0.436362
-0.216588
-0.420651
0.543175
0.416374
0.329694
0.385221
0.443612
0.715264
1.04328
0.873834
0.527025
0.380858
1.09632
0.649075
0.525275
1.29271
-0.233363
0.541006
-0.656743
0.659568
0.437924
0.180467
0.180929
0.24072
0.869739
0.392891
1.83689
0.700673
1.233
0.416064
1.11483
1.02005
0.161569
0.170957
0.662967
-0.114023
0.786849
0.644903
0.0386078
0.855368
1.10489
0.880962
0.543135
1.34054
0.640305
0.310745
0.441789
0.813166
0.0461941
0.0792419
0.44404
0.439988
-0.172208
0.457489
1.16396
1.1118
0.919536
0.227073
0.743452
0.840426
0.342475
-0.785254
-0.245691
1.333
0.788414
0.526941
0.332347
1.01936
1.08249
0.7014
0.191109
0.812998
0.714034
0.673324
1.18761
0.475897
0.149951
0.893318
0.457279
0.161541
0.71975
0.453839
0.894744
0.880985
0.603121
0.340645
1.35318
0.647525
0.37138
0.240793
0.323085
0.902924
0.214356
0.352864
0.695753
1.53784
0.881487
0.894547
0.986982
-0.0905541
0.274183
0.321173
0.274312
1.0042
1.21451
0.791379
0.0642755
0.661783
0.377666
0.0152746
0.323632
0.700579
0.485122
0.434959
0.708643
0.46943
0.277453
0.643526
0.80739
0.413519
0.352834
0.626724
0.840259
1.10406
0.767776
1.34222
1.13081
1.05619
0.407081
0.713742
0.394141
0.773658
0.492764
-0.137459
1.23268
0.265343
0.338179
-0.807789
0.746285
0.913017
0.577398
