0.172585
0.573311
0.730577
0.241378
0.604353
0.377826
0.237737
0.129549
0.200069
1.12181
0.69509
0.576078
1.3691
0.382676
0.178956
0.00103758
0.219449
0.141981
-0.463844
0.238206
0.322787
0.686143
0.473936
0.614971
0.275735
0.179358
-0.0391564
0.338454
0.0807685
0.0225419
1.02487
0.402215
-0.20431
0.175014
0.717619
0.637054
1.93885
1.73437
0.862205
0.696707
0.67702
0.633829
0.643946
-0.0150647
0.285683
0.71747
0.946751
0.332513
0.111945
0.305275
0.0634093
0.48641
-0.308351
0.125632
-0.290481
0.19084
0.201389
0.282106
0.393762
0.712007
-0.0160931
1.08011
0.999715
0.299659
-0.0496689
0.949371
-0.130195
0.135175
0.0265877
-0.0917168
0.270781
-0.190021
1.53278
0.300215
0.825339
0.646024
0.637828
0.230419
-0.418358
-0.278126
-0.109816
0.736819
1.24369
-0.321041
0.399469
0.104437
0.169851
0.54395
0.0474926
0.741638
0.29005
0.228869
0.151438
0.973078
0.938657
0.291787
0.734026
-0.0359718
0.401081
0.627274
0.720854
0.548547
0.539595
0.961032
0.491148
0.96508
0.0351598
0.722722
0.72406
-0.342426
0.470379
-0.000295098
0.41871
0.606016
0.092299
0.358754
0.451252
0.409526
0.887234
0.027868
0.467128
0.164237
-0.0186222
0.520855
0.28131
-0.304941
-0.0218118
-0.416992
0.999095
0.453908
0.350605
0.0429907
0.532275
0.156454
0.133106
0.44826
0.000570556
0.325529
0.194207
0.795912
0.506377
0.642681
0.217149
0.235182
0.657095
0.278775
0.836428
0.218019
1.05061
0.535434
0.364894
0.757348
0.365397
0.597174
0.310458
-0.131683
0.33707
1.33188
0.136628
0.0599917
-0.15049
0.666993
0.826212
1.62138
0.219561
0.933495
0.0568403
0.352426
-0.44932
0.032877
0.307225
0.456676
1.1071
0.461594
0.268349
0.700641
0.333465
0.0806656
0.567458
0.785467
0.531741
0.345112
0.751452
0.313257
0.146604
-0.205051
1.4926
1.0861
0.197902
0.967065
0.013528
0.478587
0.560986
0.5661
0.0571477
0.130657
1.09129
0.269127
-0.0737631
0.0531349
0.389536
-0.116091
0.21993
0.418817
0.298119
0.835169
0.306895
-0.157949
0.734655
0.367121
0.348626
0.00109234
0.0543112
0.499658
-0.116437
0.603399
0.0156994
0.36902
0.615913
0.334377
0.267424
0.0379271
-0.586867
0.304921
-0.356623
0.416064
0.903302
0.28992
0.270944
0.566697
1.00506
0.760733
0.401564
1.0605
2.20021
1.65504
0.60441
1.58631
0.686828
0.896598
