0.277296
0.133061
0.668532
0.197236
0.193776
0.12975
0.0381677
0.421302
0.248304
0.591544
0.525703
1.17135
1.19876
0.764679
0.0360253
0.125847
-0.0573868
-0.14569
-0.365883
0.0382091
0.863679
0.265784
0.261165
0.836226
0.0825572
-0.0897617
0.195549
-0.0321968
0.830965
0.507472
0.828679
0.410404
-0.498249
0.49048
0.394111
0.562654
0.880793
0.898332
1.05381
0.429593
0.17603
0.938581
0.0687359
-0.0139263
-0.0685751
0.379749
0.979767
0.211456
0.435057
0.30438
0.337183
0.346298
-0.154462
-0.0204142
-0.188097
0.64968
0.687968
0.248867
0.417856
0.395428
0.208816
0.958268
0.618613
0.144426
0.286673
1.01551
-0.298775
-0.411851
-0.0466014
0.157917
-0.0875508
0.628259
1.05656
0.237
0.300167
0.403157
0.646569
0.379623
-0.0733886
-0.0535986
0.644289
0.314976
0.0641698
-0.382545
0.316134
0.387104
-0.147207
0.289223
0.296632
0.492338
0.223958
0.33844
0.721061
0.768257
0.402883
0.276386
0.607349
-0.320836
0.171783
0.412217
0.207515
0.179555
0.628797
0.846091
0.671888
0.374811
-0.0377786
0.497497
1.05902
-0.0582719
-0.0118351
0.257997
0.582924
0.582159
-0.113523
0.252873
0.00879057
0.997406
1.14542
0.276615
0.242858
0.254625
0.0379694
0.356462
0.518404
0.0492614
-0.167993
0.3553
0.56803
0.175818
-0.0229222
0.633087
0.612138
-0.309165
0.585199
0.459995
0.104244
0.649901
0.273235
0.764692
0.974961
0.781792
0.52918
0.597907
0.750082
0.0989358
0.758234
0.236762
0.997399
0.732627
0.907039
0.65614
0.801705
0.362282
0.193378
0.489919
0.645106
1.16828
0.599924
0.312722
-0.639995
0.416799
0.216161
1.1451
0.315944
0.964008
0.209715
0.13396
-0.257033
0.15656
0.590386
0.460299
0.568685
0.499755
0.161062
0.249448
0.599755
-0.106027
1.16344
0.996827
1.41972
-0.0459898
0.191159
0.483439
0.36836
0.12501
0.691139
0.0633894
0.626975
1.02654
0.207287
0.429024
0.867494
0.49736
-0.0886636
-0.156307
0.720533
0.312672
0.352048
-0.177663
0.858742
-0.0874705
-0.184634
0.0799456
-0.0703917
0.0240911
0.276713
0.077023
1.03069
0.386717
0.546044
0.151964
-0.380215
0.520757
0.469939
0.517678
0.00181137
0.947357
0.616833
0.982393
0.272983
0.35863
-0.464344
0.0335926
0.0707132
-0.884341
0.8906
0.29179
0.584377
0.711921
0.328503
0.49122
1.17555
1.18147
1.46292
1.44266
0.44791
2.11196
0.491302
0.183108
