1.02515
1.00903
0.671405
1.1073
1.04734
0.544346
0.172361
0.797681
0.952747
1.04901
0.504865
1.58335
1.06168
0.962731
0.526555
0.830716
0.398414
-0.00631619
0.00292456
0.00788598
0.846809
0.971502
0.721522
1.28517
1.07366
-0.0583039
0.526343
0.45334
1.10494
0.78567
1.84712
0.574636
0.249959
0.709206
1.08543
0.717438
1.35052
1.1049
1.61084
1.39589
1.07494
0.936084
0.884153
0.534222
0.322608
0.680335
1.48657
0.26442
0.705982
0.141352
0.578416
0.247256
-0.205081
0.570206
0.0283638
0.511198
0.829913
0.691315
0.645832
1.27849
0.261421
1.26005
0.930075
-0.077652
0.250772
0.932044
0.163224
0.079408
0.352565
0.163312
0.268967
1.2213
1.14209
0.0961036
0.650157
0.623935
0.68675
0.4396
0.11125
-0.100425
0.331351
0.773789
0.845015
0.332666
0.469025
0.475782
0.241908
-0.00514852
0.2111
0.680368
0.112867
0.305079
0.975593
1.7343
0.838101
0.589616
0.9148
-0.123416
0.126328
0.745172
0.870926
0.403913
0.913482
0.749916
0.937662
0.740432
0.346768
0.919807
1.04685
0.262386
-0.189588
0.515662
0.660299
0.564739
0.111198
0.427552
0.406872
0.976693
1.22929
0.699513
0.341752
0.205418
0.275128
0.413923
0.713083
-0.123617
-0.3693
0.00500228
0.811738
0.370318
-0.354998
-0.309649
1.04529
0.0266532
0.102921
0.647774
0.031844
0.714028
0.68875
0.576578
1.01471
0.769391
0.506083
0.388588
0.663546
0.337174
0.585468
0.650751
1.31911
0.504105
0.704988
0.412832
0.673898
0.318941
0.7405
0.845572
0.60507
0.950113
0.312011
0.157464
-0.815036
0.293219
0.380156
0.628973
0.122423
0.749105
0.230621
0.186967
-0.370969
0.796202
0.438969
0.710212
0.721627
0.22827
-0.16231
0.0849151
0.00860157
0.14058
1.1068
0.474475
0.239938
0.167406
-0.517093
0.440498
0.160935
0.0277699
0.879817
0.00192014
0.849538
1.01468
0.168429
0.268714
0.628261
0.320232
0.286825
-0.342679
0.484785
0.084179
0.629486
-0.210817
0.60962
0.377872
0.0691499
-0.365325
0.276333
0.436952
0.370531
-0.285097
1.15349
-0.0360651
0.537938
-0.411481
-0.281317
0.877867
-0.040433
0.146794
0.0477844
0.772721
0.798283
0.515104
0.227778
-0.151704
0.230976
0.107146
-0.388869
-0.737112
1.03486
-0.191241
0.538623
0.663987
0.509617
0.393465
0.936941
1.101
1.45571
1.05832
0.413778
1.81382
0.396449
0.264436
