-0.318093
-0.418141
-0.145956
-0.385377
0.0811254
0.176213
-0.101758
0.356004
0.362099
0.0552564
0.583593
0.46144
0.26506
-0.154145
0.202809
0.113032
-0.348633
0.257409
0.438991
0.00457714
0.247503
0.187614
0.258854
0.968778
0.0186533
-0.581081
0.34249
0.546453
1.31943
-0.446891
0.604839
-0.275664
0.566372
0.306583
0.0991016
0.203635
-0.00174762
-0.140863
0.179613
0.288889
-0.481606
0.386987
0.475651
0.860063
0.801692
0.970135
0.314514
0.662377
0.181089
1.106
0.90927
0.75601
0.595844
0.331517
0.428548
0.0599634
0.0561294
0.306268
0.17875
0.977437
0.520214
0.349099
0.777051
0.801161
0.507734
0.958007
0.734688
0.434509
0.503758
0.289204
0.131144
0.415041
0.702971
1.00237
0.809264
0.72006
0.923886
0.282875
0.543431
0.974893
0.821648
0.249507
0.115248
0.833422
1.55764
-0.0298849
0.937876
0.401277
0.367527
0.509359
-0.515019
0.572639
0.330509
1.04853
0.161406
-0.581041
0.406306
-0.412728
0.344577
0.309252
0.655055
0.657064
1.05317
1.2756
0.818697
0.744718
0.590649
1.54586
0.604395
0.78424
-0.101755
0.202991
-0.0323447
-0.00795366
1.09845
0.442584
-0.305064
0.920359
0.308162
0.406716
0.573447
0.118229
0.155654
-0.237136
0.491063
0.254078
0.248904
0.52907
0.830847
-0.956905
-0.30166
0.326389
0.562911
0.0556591
0.652696
0.520198
0.614584
0.416415
0.59793
-0.0171564
0.763962
0.0768878
0.780483
0.620778
0.336549
1.32474
0.815911
0.694196
0.543502
1.30438
0.739761
0.265925
0.457645
0.452344
0.839713
0.53665
0.932842
0.564459
1.4036
0.773033
0.470968
0.488896
0.463035
0.433343
0.606241
0.297097
0.177275
0.208925
0.534597
0.184116
-0.324494
0.451305
0.255663
0.357989
-0.0237515
0.334026
1.00054
0.391367
0.491451
0.251453
0.504067
1.03845
-0.481295
-0.0567443
0.0576255
0.793605
0.851245
0.778148
0.507982
-0.0472138
0.222416
0.427118
-0.11815
0.334236
-0.179126
1.31693
0.240426
0.281062
1.1913
0.0564653
0.333539
0.868123
1.29352
0.964882
0.499829
0.839749
0.589763
0.197753
0.0330922
0.626951
0.270209
0.414022
0.363518
0.597225
0.684039
0.800552
0.0513288
1.35761
0.533533
0.78207
0.770244
0.441414
0.766805
0.198121
0.885835
0.296012
-0.238405
0.882903
0.618193
-0.0195368
0.361598
0.657569
1.39298
0.82368
1.55309
1.01873
0.406069
0.27207
0.451794
0.39534
