0.0417811
-0.312233
-0.0264729
-0.0805987
0.12484
0.254713
-0.0926499
0.300035
0.702131
0.180171
0.741259
0.860149
0.578901
-0.168447
0.0335589
0.185142
0.0860292
0.490657
0.504686
0.351156
0.815613
0.307734
0.457759
0.37144
0.0470943
-0.521011
1.27382
0.622466
1.37914
-0.787198
0.803403
-0.20279
0.461639
0.428751
0.147621
0.200429
0.205795
-0.0630668
0.415277
0.165784
-0.372632
0.541249
0.237579
0.908816
0.916085
0.952798
0.396839
0.6897
0.118178
0.384843
0.585599
0.664876
0.789729
0.355019
0.545423
0.477475
0.28433
0.322366
0.326587
0.453978
0.669456
0.869107
0.876472
0.569752
0.445121
0.798101
0.579405
0.579904
0.847531
-0.0822328
0.177573
0.30571
0.755619
1.37436
0.733048
0.449132
1.18775
0.525562
0.526842
0.369228
0.589198
0.442843
0.110554
0.985113
1.63693
0.122504
0.85988
0.492193
0.638915
0.563443
-0.745561
0.700438
0.232535
1.20238
0.0957028
-0.725947
0.608409
-0.201613
0.688562
0.347829
0.811561
0.841574
0.908694
0.854666
0.841504
1.04371
0.568703
1.41443
0.966904
0.597228
0.170782
0.258535
0.0655116
0.0694924
1.03826
0.574929
-0.317321
1.02573
-0.279979
-0.185236
0.514381
0.760578
0.430197
-0.0721452
0.721738
0.721013
0.765328
0.359141
0.694457
-1.01604
0.0893984
0.630809
0.449098
0.116587
0.956875
0.298967
0.92285
0.596034
0.257845
0.508361
1.03003
0.247346
1.14121
1.18328
0.647953
1.077
0.672105
0.525368
0.7941
1.27433
0.579695
0.248811
0.527026
0.297108
0.5382
0.358931
1.15019
0.638231
1.31845
0.555214
1.28027
1.73271
0.595837
0.940233
0.479931
0.58175
0.515508
0.262427
0.736155
0.0328584
0.141147
0.186859
0.388002
0.351494
0.208607
0.619094
1.14673
0.372377
0.273678
0.247446
0.593888
1.1543
-0.812158
-0.533376
0.55229
1.14968
1.69146
1.25024
0.581805
-0.0822297
0.355742
0.521334
0.407998
0.468711
-0.201114
1.41606
0.445313
0.117303
0.909885
0.230193
0.465632
1.38998
1.2648
0.939568
0.305437
0.607707
0.516883
0.0465008
0.45343
0.850971
0.484974
0.83621
0.670913
0.599137
0.519671
0.678125
-0.199942
1.12222
0.531787
1.17087
0.642088
0.491465
0.416435
0.0995946
0.757882
0.181306
0.201591
0.559456
0.725422
-0.000594354
0.590776
1.04055
1.47999
1.16469
0.744244
1.34952
0.397085
0.834846
0.805946
0.625629
