-0.0392794
0.0115027
-0.430768
0.0400519
0.191103
0.0816272
0.0957161
1.07479
0.966943
0.251683
1.026
0.987299
1.03057
0.287867
0.410813
0.153106
-0.238394
0.333476
0.44921
0.275598
0.202618
0.898929
0.950304
2.58441
0.829905
-0.464019
0.89299
0.782904
1.91372
-0.692121
0.973172
0.159664
1.01818
0.922985
0.178225
0.939119
0.577461
0.180397
0.511551
0.584509
-0.337443
0.214383
0.52759
1.19427
0.566208
0.957881
0.734738
0.308486
0.562622
2.49668
1.21073
0.976684
1.07936
0.605494
0.299245
0.233742
0.0512082
0.544052
0.583709
1.07866
1.07734
0.92118
1.07481
1.27197
0.196813
0.784564
0.568672
0.337533
0.791175
0.306235
0.372696
0.545133
0.259959
1.24766
1.00445
1.18648
0.847433
0.447426
0.530271
0.691697
0.701855
0.0119012
0.674796
1.43966
1.14352
0.548991
0.731523
0.236314
0.587051
0.375305
-0.730763
1.60562
0.762404
1.58267
0.852982
0.0936401
0.302079
-0.279086
0.64742
0.372887
0.738523
1.07325
0.634029
1.76432
1.89996
0.995623
0.422926
1.71285
0.643576
0.831949
0.211255
0.612018
0.485816
-0.344062
1.58916
0.503296
-0.194565
0.339724
0.979268
1.66447
0.840179
0.455576
0.85564
-0.0507747
0.852287
0.303325
0.514989
0.247384
1.22237
-1.0626
0.0866078
0.940496
0.831452
0.640051
0.698863
0.895643
1.47378
1.02753
0.817534
0.253273
1.05647
0.23052
0.926523
1.23254
1.03195
1.8406
0.959498
0.746619
0.618491
1.39298
1.04076
0.775394
0.526729
0.83223
0.78023
0.469606
1.25292
1.51098
1.35833
0.966762
0.961636
1.04332
0.478079
0.949596
0.689165
1.06354
0.292144
0.417712
0.439891
0.537772
0.308927
0.393147
0.215925
0.175031
-0.241993
0.524398
0.808646
0.409308
0.642437
0.686234
1.20718
1.47482
-0.00739364
-0.24175
0.388088
1.19056
1.23878
0.552803
0.733936
0.0554551
0.480504
0.507068
0.400615
0.751298
0.0667089
0.977665
0.203399
-0.0774006
1.16101
0.050152
0.351001
1.39184
0.680055
1.32709
0.442474
1.08166
0.395809
0.723563
0.339578
0.572451
0.515414
0.736229
0.650898
0.762419
0.856629
0.813008
0.294127
1.61239
0.765856
0.778743
0.565371
0.209644
0.0865325
1.17276
0.376815
1.07946
1.54817
1.14756
0.590418
0.158916
0.681438
0.961615
1.36393
0.892713
1.09713
1.44731
0.846251
0.771444
0.435872
0.217077
