-0.554558
0.200423
0.862997
0.344617
0.385544
0.504132
1.58417
-0.0587747
0.8954
0.588442
0.643289
2.0098
0.867209
0.794803
0.399944
0.102038
0.421228
0.596881
-0.237233
0.0209069
0.361474
0.975075
0.110206
1.42531
0.371393
1.48806
1.55961
0.907752
0.224339
0.87583
0.619085
0.601295
0.749071
0.513342
1.04688
0.786774
0.32713
0.682023
0.787948
1.12767
0.637999
1.4862
0.67305
1.05392
0.222382
0.0594475
0.328842
0.938702
1.19824
0.879597
0.761377
0.721718
0.371853
0.194936
0.727823
0.337202
0.959591
0.539516
-0.0721998
0.191966
1.12115
1.09921
1.20908
1.02819
0.905113
0.4978
0.576735
0.372229
1.28617
0.77647
0.737474
0.731912
0.786011
0.927343
3.5631
1.15765
0.333479
0.553526
0.628341
0.134216
0.782819
0.192309
-0.476892
1.23038
0.526471
0.888011
0.808808
0.757645
1.33747
1.45921
0.1221
0.811571
0.380966
1.01019
1.14794
-0.074083
0.854302
0.907762
-0.336514
1.10357
0.679774
0.24679
0.145893
0.643886
1.64653
0.693159
0.597554
1.19211
0.304669
1.23322
0.336044
1.50324
0.619085
1.2595
0.527887
1.10475
1.1855
1.848
0.485489
0.534289
0.230185
0.775576
0.650658
0.987019
-0.166362
1.39951
-0.0442114
0.652997
1.11403
0.267284
-0.115961
0.164014
-0.0972426
1.18954
0.831693
0.770626
0.513852
0.547351
0.677043
0.480446
0.455158
-0.0688576
0.224998
-0.378537
0.232414
0.469152
0.758275
0.946292
0.180962
0.382599
-0.921664
0.032097
-0.593532
0.186054
0.47269
0.0231738
0.32273
0.359212
1.39566
0.887394
0.618319
-0.0950425
0.32698
-0.00144325
-0.202948
0.44711
0.221366
-0.95147
0.201007
0.75124
0.577524
-0.507365
-0.190753
0.38509
0.0686613
-0.214501
-0.0932337
0.602178
0.561457
-0.236574
1.37975
0.889777
-0.151174
0.715101
0.248205
0.405997
0.957866
0.036668
1.87187
0.530466
0.763718
0.93397
0.89804
-0.0556989
0.177955
0.625189
0.106063
0.577376
-0.0298992
0.306016
0.957585
0.499415
0.505008
0.508559
0.185084
-0.144593
0.554068
0.0591197
0.183299
0.227829
0.643394
0.498376
0.0330951
0.894283
0.778183
0.367399
1.16035
1.18299
0.417695
-0.351311
0.281583
-1.1664
0.777125
-0.00125875
0.655536
0.053683
-0.383068
0.185584
-0.262945
0.405644
0.040954
1.56169
0.804217
0.489663
0.859777
0.225962
0.240373
0.394322
0.0243314
0.165915
