-0.76347
-0.252772
0.198271
0.384767
-0.392794
-0.0148258
0.408658
-0.669377
0.0582634
0.329293
-0.164942
0.870217
0.585519
0.369482
0.76493
0.107548
0.377296
0.377168
-0.248664
0.0667478
0.647382
0.589713
-0.025136
0.24614
-0.14412
0.898049
0.914979
0.309948
-0.123937
0.345952
0.630928
0.684001
0.552885
0.176977
0.653913
0.562477
0.306706
-0.0678077
0.237391
-0.0210088
0.18467
0.457468
-0.0391771
0.42344
0.518519
0.234974
-0.0368877
0.29245
0.479807
-0.13403
0.792417
0.572962
0.414913
0.503708
0.224565
0.337868
0.374196
0.200296
-0.191101
0.302034
0.340974
0.239837
0.36157
0.780632
0.644989
0.331137
0.338359
0.527831
0.191046
0.301202
0.230492
0.0453544
0.314425
0.313804
-1.02337
0.565653
0.0455856
0.0844602
0.749949
0.164633
0.511241
0.0184508
-0.341372
0.383773
0.5432
0.446488
0.432036
0.485793
0.271439
1.09415
0.404235
0.0983891
0.221431
0.290871
0.479626
-0.525627
0.503935
-0.0809339
-0.488273
0.787389
0.414485
0.18094
0.124913
0.547986
0.887777
0.607726
0.0607413
0.710094
0.149974
0.616568
-0.312163
0.96311
0.649495
0.330042
0.10065
0.0655585
-0.161827
-0.064598
0.218338
0.471066
-0.28642
0.0450056
0.287049
0.833248
0.617719
0.76524
-0.301857
0.675768
0.964543
0.173429
0.290124
0.616525
-0.1716
0.443606
1.02364
0.461564
-0.501043
-0.239185
0.395799
-0.0596191
-0.345969
0.267222
0.6937
-0.0169368
-0.156477
0.2007
0.424174
0.745469
0.161527
1.02413
-0.103947
0.210455
-0.366227
0.540444
0.821264
0.312193
0.744441
0.567947
0.0241514
0.464388
0.359296
-0.343278
-0.144375
-0.622632
0.0417218
0.160461
7.98521e-05
-0.839037
0.260063
0.350438
0.0652965
-0.0744934
0.313433
0.0175745
0.170281
0.144326
-0.0992335
0.12939
0.609958
-0.0497679
0.459714
0.750678
-0.139208
0.481668
-0.140021
0.429107
0.519856
-0.402233
0.675092
0.356891
0.445626
0.524684
0.660743
0.323214
0.0183113
0.463324
0.116324
0.660309
0.147414
-0.360657
0.112334
-0.249737
0.563403
0.472411
-0.464824
0.296258
0.575541
0.223119
1.20509
0.234553
0.422134
0.6723
0.362606
0.863984
0.512797
0.238279
-0.0531769
0.231143
-0.0455502
-0.00496089
0.480668
-0.628256
0.3578
0.356992
0.812373
0.48827
-0.124412
0.360989
0.473737
0.591885
0.15957
1.30108
0.478159
0.831231
-0.204153
0.28322
0.21837
0.494939
0.49828
0.337645
