-0.748405
-0.475402
0.406543
0.437863
-0.297962
-0.137197
0.393681
-1.01465
-0.048719
0.990517
0.079881
0.943836
0.594186
0.459312
0.666998
-0.105518
0.255628
0.398152
-0.669158
-0.0489561
0.473714
0.424176
-0.382309
0.482201
0.015576
0.871873
0.83646
0.710878
-0.199008
0.562449
-0.0796779
0.731596
0.860848
0.00351324
0.681873
0.526927
0.347238
0.163125
0.472341
0.188046
0.272316
0.732138
0.296077
-0.0257499
0.293964
-0.131481
-0.174007
0.394444
0.614904
-0.0198554
0.0528704
0.253843
0.365354
0.235951
-0.158143
0.132106
0.521884
0.20774
-0.450589
0.157673
0.599322
0.316132
0.598524
0.0466668
0.489716
0.0580237
-0.0948379
0.326749
0.239841
0.68473
0.64806
-0.192402
0.141655
0.48102
-0.650793
0.552453
-0.228086
0.158652
0.574651
-0.250661
0.249101
0.155992
-0.512258
0.337101
-0.0685063
0.411671
-0.0261645
0.0755814
0.352363
0.989578
0.295763
0.219626
-0.0503744
0.234353
0.177903
-0.867527
0.754108
0.277665
-0.61369
0.469705
0.345487
0.231645
0.0331962
1.00961
0.557557
0.823005
-0.0170287
0.60125
-0.0104853
0.428084
0.0460988
0.713502
-0.0164397
0.313783
-0.0327011
0.0522041
-0.10982
0.217621
0.36661
0.437352
-0.30726
0.209773
0.219513
0.656642
0.524989
0.726239
-0.402701
0.560078
0.875442
0.0707841
0.200347
0.484435
-0.442816
0.687879
0.721484
0.282398
-0.363732
0.126785
-0.0511619
0.0762692
0.211476
0.120315
0.134551
-0.427018
-0.0873528
0.24508
0.494687
0.42891
-0.310228
0.420435
-0.341731
0.413851
-0.476539
0.309861
0.729383
0.188398
0.470114
0.133716
0.0445154
0.480382
0.277513
-0.146906
-0.522451
-0.464928
-0.206511
-0.168802
0.0855942
-1.02524
0.0269666
-0.54103
-0.545158
-0.530527
-0.407344
-0.169628
-0.0245545
-0.151335
-0.433784
0.605249
0.88066
-0.0449533
0.885696
0.895345
-0.48777
0.119941
-0.10027
0.622884
0.561221
-2.06166
0.612233
0.7177
0.294339
0.0938764
0.477762
-0.0373535
-0.343513
0.331405
0.369101
0.616475
-0.132343
-0.0431694
0.631242
0.0764207
0.249626
0.0890825
-0.235629
0.0623174
0.532716
-0.502867
1.02668
-0.231242
0.0251091
0.342716
0.0907158
0.651436
0.368706
0.426116
0.0146867
0.64289
0.229956
-0.635921
-0.0384492
-1.34136
0.334164
-0.200547
0.559113
-0.0795393
-0.363111
0.166853
0.0566383
0.177144
0.339867
0.660373
0.278872
0.534589
0.365028
-0.202329
-0.167151
0.499928
0.316269
-0.00218077
