-0.088006
-0.209067
-0.185461
-0.0960842
0.438263
-0.386012
-0.302524
-0.130555
0.1833
-0.102618
0.106213
0.0789565
0.67344
0.0348564
0.268379
0.124232
-0.170134
0.541077
0.287048
-0.349138
0.27171
-0.343839
-0.497436
0.398497
-0.370198
-0.349099
-0.120836
0.217565
-0.576027
0.419206
0.0334971
0.136568
-0.200364
0.132352
0.500629
0.409378
0.190435
-0.0903121
-0.488743
-0.48875
0.409334
-0.225158
-0.0576527
0.158195
0.182536
0.366229
0.462215
-0.340668
0.103968
-0.0663345
0.00741669
-0.148722
0.329149
-0.0435256
-0.0811979
-0.0206458
0.378495
-0.158785
-0.0237997
0.0311605
0.0456255
0.176826
0.0733687
-0.0745484
-0.35863
0.0466361
-0.629062
-0.198229
0.166292
-0.0672923
-0.0501885
-0.231242
-0.257254
0.166885
0.259718
0.181559
0.282887
-0.152667
-0.32909
-0.19116
0.109536
-0.471539
-0.277955
-0.227881
0.369113
-0.140233
-0.164752
-0.210458
0.0660961
0.244498
0.469812
0.420357
-0.232351
0.0805636
0.106482
-0.00248283
-0.219508
-0.0639082
-0.349748
-0.0969784
-0.0864054
0.0629242
0.292953
0.268948
-0.307802
0.52632
0.179424
0.193789
0.266749
-0.00303703
0.00590324
0.287092
-0.0410645
0.218409
0.227312
-0.729515
0.449909
0.106031
-0.424187
-0.198139
0.191445
-0.128068
-0.0307904
0.0930339
0.421948
0.304451
0.270554
-0.190314
0.494682
0.232603
0.330529
0.295806
0.591528
0.295466
0.155276
0.170822
0.333037
-0.156155
-0.241401
0.238775
-0.0716061
0.109187
-0.0239428
0.421962
0.144607
0.485448
0.324549
0.196007
-0.0707434
-0.176463
-0.182474
-0.284056
-0.750254
0.0739833
0.341326
-0.1111
-0.214863
-0.123615
0.478826
0.0905251
-0.265189
0.106892
0.340954
0.344216
0.364017
0.264967
0.20178
0.242022
0.277999
0.378548
0.0138445
0.29801
0.108118
-0.36583
0.0886305
0.31336
0.118811
-0.143133
0.390244
0.136289
0.286822
0.500029
-0.46167
0.339431
0.0491674
0.0869182
0.350641
-0.177918
-0.24139
0.0306676
-0.242965
0.228612
0.192642
0.336912
-0.286906
0.000749016
0.0642843
0.0270427
-0.108696
0.852417
-0.355953
0.277134
0.332157
0.533106
0.260447
0.337504
0.239893
-0.16472
0.305775
0.74265
-0.32772
0.0629354
-0.717318
-0.0822905
0.103237
0.838533
-0.100764
-0.00549029
0.0939384
-0.0252948
0.128514
-0.241887
0.256846
0.14719
0.166528
-0.0684942
0.490381
0.428767
0.509209
0.116605
0.62547
0.660231
-0.0421574
0.478666
-1.38173
0.63764
0.333064
-0.0518325
0.105659
-0.176036
