0.747104
0.0993879
0.10023
0.839934
0.262961
0.282134
-0.163047
0.715793
-0.0288158
0.0926164
0.448446
0.258698
0.460869
0.0555503
0.928421
0.833901
0.0570042
0.135642
0.340888
-0.189375
0.184321
0.198591
0.151859
0.423734
0.538772
-0.674231
-0.27314
-0.192065
0.427922
0.312489
0.63347
0.638139
-0.185815
0.331606
0.55966
0.68626
0.466571
0.00740303
-0.305869
-0.334674
0.83727
0.618041
0.297844
0.347083
0.545598
0.697425
0.450173
0.603139
0.274237
0.412496
0.461354
0.25741
0.825778
0.366625
0.117487
-0.0670738
0.584969
0.126957
0.672283
0.545229
0.723932
0.330245
0.925286
0.211862
-0.123717
0.651788
0.443285
0.46266
0.319143
0.699851
0.0209992
0.0647196
0.141055
0.475461
0.195559
0.798247
0.810764
0.190755
0.0767886
0.0740964
0.482607
0.209141
0.211182
0.41287
0.497628
0.231254
0.677023
0.341079
0.310016
0.527735
0.584118
0.751306
0.501955
0.0813469
0.658475
0.414633
-0.000414226
0.517972
-0.103593
0.751814
0.0628902
0.856005
0.432359
0.585714
0.92513
1.02232
0.394773
0.644954
0.425218
0.752389
0.759596
0.616895
0.669213
0.781463
0.15853
-0.303407
-0.0140762
-0.11182
0.404377
0.813665
0.855972
0.128351
0.162514
0.180915
0.603372
0.649562
0.640745
0.139348
0.633525
-0.148959
-0.163894
0.164575
0.794083
0.440986
0.218257
0.162439
0.470403
0.582851
0.352878
0.623335
0.155432
0.360196
-0.0480017
0.0319545
0.0706918
0.206348
0.301978
0.46225
0.429122
0.0203387
-0.28371
-0.13467
0.295908
0.131863
0.718297
-0.272891
-0.290161
0.190174
0.638787
-0.365095
0.140521
-0.063006
0.398771
0.0825842
0.495971
0.446791
0.612244
0.425519
0.315796
0.448859
0.27132
-0.0300939
-0.0439068
-0.556386
0.765963
-0.113371
0.787687
1.02049
0.08724
0.206546
0.460715
0.531498
-0.283408
0.160322
0.35737
0.126043
0.0770214
-0.34584
-0.0136796
0.120866
0.341247
0.447898
0.193315
0.576829
-0.267414
-0.100159
-0.0364209
-0.272207
-0.361929
0.554948
0.618237
0.312212
0.649553
0.760769
0.20098
0.353894
0.0560039
-0.174985
0.493928
0.471136
0.516851
0.0906868
0.0961965
0.793587
0.328766
0.378703
-0.676449
-0.191368
0.464072
0.720955
0.480864
0.245188
0.261481
-0.607221
0.508213
0.736454
0.359717
0.681378
0.874096
0.11255
0.742493
0.8351
0.0175631
0.493829
-1.02222
1.06598
0.771477
-0.692118
0.476226
-0.239255
