-0.17115
-0.340899
-0.272469
-0.142089
-0.0392367
-0.356701
-0.664144
-0.166565
-0.0247525
-0.189673
0.115345
-0.0918116
0.304046
-0.155068
0.0572386
0.319393
-0.0900742
0.840333
0.40981
-0.128177
0.303522
-0.284906
-0.503911
0.212286
-0.140518
-1.16331
-0.269539
0.103821
-0.544796
-0.116587
0.0611638
-0.269135
-0.165902
0.261872
-0.0124728
0.692303
0.309305
-0.0955309
-0.257089
-0.273216
0.545595
0.11186
-0.0920854
0.202701
0.031786
0.113034
0.262211
-0.0790096
0.214772
-0.134229
0.319915
-0.00579611
0.0464835
-0.0473412
0.0278499
0.155428
0.27958
0.179863
0.412591
-0.0898574
0.45295
0.479716
0.479942
0.222656
0.0146759
0.370564
-0.0874665
0.130724
0.106296
0.126732
-0.244651
-0.291197
-0.188142
-0.19721
-0.371269
0.334894
0.0915509
-0.0207954
0.0796615
-0.299047
0.320183
0.0250439
-0.223645
-0.178481
0.460606
-0.179988
0.110743
0.0639951
0.285244
0.23368
0.356195
0.0568103
0.236455
-0.0805159
-0.0217743
0.28591
-0.402037
0.242033
-0.176218
0.417617
-0.160074
0.162449
0.187099
0.26794
-0.207044
0.22951
0.194282
0.288121
0.286265
0.39388
0.129076
0.348048
0.146115
0.451469
0.419434
-0.493448
0.180976
0.054117
-0.335536
0.0175983
0.421113
0.0553468
0.250034
-0.151924
0.596464
0.211718
0.173329
-0.086433
0.544776
0.231646
0.271756
0.438213
0.0668729
0.0890403
0.263679
-0.230598
0.0194495
-0.00452828
-0.0444667
-0.0417081
-0.23698
0.39844
-0.0278014
0.320408
0.0889873
-0.00192097
0.613117
0.391651
-0.176397
-0.139347
-0.152849
-0.136279
-0.876806
-0.114777
0.584262
-0.0944244
-0.31942
-0.296636
0.498656
0.0415773
0.0314634
0.221193
0.537997
0.114763
0.209354
0.225231
0.193282
-0.0784203
0.261756
0.262148
0.255889
0.0415774
0.239204
-0.601319
-0.0590962
0.238566
0.193994
-0.143421
0.306748
0.171261
0.184624
0.153573
-0.0730306
0.512989
0.0284905
0.253323
0.0110851
-0.269791
-0.0446327
0.220423
-0.358191
0.280417
0.687764
0.518927
-0.044211
-0.123969
0.0854325
0.136526
0.0487591
0.722395
-0.0876
0.287504
0.486994
0.924843
0.296432
0.11382
0.037137
-0.146641
0.591009
0.769636
0.190709
0.227718
-0.0607015
0.413031
0.240795
0.652433
-0.452558
0.413119
0.0616711
0.28354
0.127301
0.118782
0.488335
-0.0701254
0.238205
0.159889
0.801421
0.631292
0.326351
0.0958931
0.541694
0.575066
-0.030186
0.368097
-1.52254
1.27727
0.429698
-0.210233
0.199766
-0.279538
