0.0558752
0.384065
0.386666
0.424009
0.223026
0.25768
0.0875124
0.794774
0.403466
0.40743
0.66529
0.445272
0.0374974
-0.10315
0.457514
0.596038
0.415781
0.141197
0.549931
0.0472115
0.611066
1.04711
0.228196
0.511742
0.377592
0.37148
-0.0413595
0.576316
0.345796
0.652548
-0.138185
0.943563
-0.651676
0.540767
0.429841
0.975098
0.175378
0.399494
-0.13805
0.153955
1.1326
1.03531
0.166541
0.336294
0.0281362
0.123259
0.516652
0.468793
0.108566
0.209655
0.317194
0.444356
0.567247
0.549027
-0.0117329
0.455001
0.320469
0.166054
0.176146
0.707262
0.333717
0.322846
0.436268
0.382082
-0.656051
-0.431947
-0.167429
0.225988
0.0409513
1.22918
0.530463
0.422084
0.0519527
0.360587
0.0914647
0.358734
0.410708
0.209466
0.440522
0.914972
-1.21952
0.183236
0.162928
0.432826
0.145744
0.293272
0.484446
0.278983
0.372541
0.495191
0.225443
0.871136
0.611114
0.304535
0.898904
0.0909606
0.204873
0.728596
0.369222
0.204886
0.173101
0.382962
-0.0114288
0.10409
0.4984
0.243901
0.283206
0.354059
0.402034
0.368007
0.504966
0.0139061
0.581948
0.15122
0.225197
0.711384
0.386355
0.493289
0.372362
0.582465
0.156537
-0.348179
0.699486
0.574567
0.356768
-0.312155
0.305485
-0.00450797
-0.262205
0.625363
0.764397
-0.0505638
0.0621255
-0.0786731
0.559774
0.532965
0.144586
0.10468
0.643554
0.801069
0.31846
0.285225
0.304731
0.937128
0.22772
0.578127
0.162629
0.00398054
0.553866
0.477438
0.178211
0.310349
0.135502
-0.138375
-0.0761227
-0.0933805
0.209104
0.711128
-0.158206
0.623046
1.17667
-0.497519
0.785437
0.117823
0.631173
0.47659
0.00373449
1.36769
0.564339
-0.756526
0.198075
0.600709
0.347693
0.610901
0.709698
0.441837
0.836772
0.592132
0.240841
0.547525
0.801165
0.90196
0.123993
0.309624
-0.0579287
1.06732
0.12014
0.357333
0.213234
0.478719
0.459392
0.880478
0.639001
0.254609
0.820991
0.351017
-1.07685
0.621795
-0.393053
0.533595
-0.00704035
1.00817
-0.0314339
0.235351
0.104907
0.433673
0.109785
0.314307
0.188286
-0.318644
0.282667
0.149627
0.736578
0.930786
0.412799
0.289566
0.42298
0.219858
0.409673
0.358954
0.688269
0.153406
0.665426
0.511284
0.035924
-0.0482686
0.352225
-0.091074
-0.615196
1.21599
0.387116
0.421542
0.517589
0.326089
0.32176
0.271983
0.0630325
0.153353
0.660742
0.395028
