0.15393
0.184854
0.489134
0.265848
-0.0753939
0.190707
0.0248136
0.37628
0.105359
0.229222
0.126665
0.513349
0.0329775
0.3342
0.356356
0.440167
0.153567
-0.0502161
0.349344
0.201703
0.592133
0.917785
0.0455748
0.379264
0.512207
0.389372
0.0355793
0.639967
0.250529
0.948821
-0.357042
0.744092
-0.680476
-0.0470388
0.0716217
0.532022
-0.0142792
0.305447
-0.4803
0.144872
0.944452
0.373748
-0.0834933
0.0862198
-0.190067
-0.0645254
0.177862
-0.100489
-0.0679917
0.0638636
0.296378
0.140635
0.661301
0.364972
-0.261226
0.405686
0.28207
0.166971
-0.00876611
0.54353
0.586239
-0.0983975
0.48241
-0.196772
-0.644755
-0.706877
-0.275823
-0.273837
-0.170004
1.0099
0.494376
0.287843
-0.356719
-0.0414292
-0.105236
0.0433309
-0.0200623
0.19568
0.217044
0.3304
-1.24272
-0.13654
-0.265676
0.240404
-0.260876
0.0931788
0.308978
0.1902
0.612738
0.321996
0.540346
0.900978
0.286539
-0.148929
0.441295
-0.144122
0.116304
0.803297
0.39603
0.00809498
-0.153292
0.0964382
0.578736
-0.0927478
0.120568
0.173007
0.03947
0.157327
0.0195205
-0.00795358
0.171606
-0.00314812
0.354573
0.28271
-0.0157042
0.617672
0.264082
0.409129
0.268135
0.324438
0.195646
-0.218529
0.39106
0.5784
0.198552
-0.687403
0.313211
0.107343
-0.204938
0.290923
0.699777
-0.338078
0.00234813
0.277655
0.134147
0.419479
0.415545
-0.0677078
0.399915
0.8519
0.137641
0.292798
0.354284
0.447943
0.0784354
0.262498
-0.0078546
0.0780438
0.457801
0.319852
0.237105
0.316071
0.37765
-0.444101
0.0375648
-0.361793
0.0258098
0.215646
-0.295495
0.26835
0.681351
-0.385036
0.723173
-0.327946
0.160589
0.411445
-0.180409
0.97835
0.0656814
-0.605472
0.115667
0.20409
0.0408548
0.323583
0.778643
0.195973
0.764951
0.398536
0.00626916
0.362255
0.856113
0.771811
0.0285736
0.155956
-0.0568278
0.815344
0.128469
0.230228
0.0122256
0.085104
0.562698
0.493818
0.612325
0.379868
0.359349
-0.0853472
-0.937055
0.52011
-0.441083
0.446486
-0.0671456
1.18073
0.108378
-0.13896
-0.114889
0.108729
0.128779
-0.0893839
0.377508
-0.405899
0.167545
-0.00589436
0.521302
0.550088
0.409535
0.255617
0.151566
-0.0626584
0.326223
0.310177
0.389041
-0.238219
-0.0410406
0.17098
-0.074898
0.102337
0.0825647
-0.0205121
-0.664155
1.13287
-0.17582
0.600215
0.350258
0.392022
0.212174
-0.0800115
-0.432476
0.0656286
0.490585
0.421428
