0.659105
0.00252708
0.408425
0.160046
0.186135
0.0930862
0.26027
0.346152
0.260033
0.502799
0.480759
0.44121
-0.181673
-0.145761
-0.216734
0.418291
0.372222
0.0735812
0.514
-0.124174
0.710266
0.772016
0.0475784
0.420888
0.488354
0.11294
0.510508
1.33995
0.884025
0.282876
0.318098
0.94499
-0.0603477
0.384499
0.413294
0.450626
0.0733307
0.227875
-0.395543
-0.279415
1.04377
0.74894
0.0432287
-0.238972
-0.131943
-0.248237
-0.155884
0.210045
-0.542602
0.169745
0.394302
0.204051
0.444491
-0.0995979
0.182707
0.406756
0.376213
-0.0237168
-0.0382865
0.562478
0.274739
0.263395
0.296516
0.0665099
-0.725938
-0.420604
-0.044134
0.520716
-0.104308
0.575638
-0.0801189
-0.103228
-0.291736
0.461035
0.497119
0.570121
0.691355
0.0228972
0.257004
0.454712
-0.784144
-0.328317
0.830448
-0.0185814
-0.0213687
-0.340289
0.325356
0.614633
0.224107
0.448435
0.698058
0.914375
0.702401
-0.231668
0.652724
0.684698
-0.301273
0.636191
0.0256051
0.0837895
-0.104572
0.622152
-0.154798
-0.289174
0.875693
-0.163169
0.17826
0.35535
0.34184
0.311226
0.163338
-0.265944
0.254281
0.278409
0.173782
-0.00549212
0.126895
-0.0424217
0.277762
0.449082
-0.0772225
-0.182292
0.842182
0.941349
-0.103604
-0.549695
0.50467
0.187061
-0.390615
0.516463
0.807767
-0.403412
-0.0932441
0.0567015
0.998711
0.859011
-0.134154
0.423165
0.251624
0.442375
-0.158807
0.485755
0.182789
0.732613
-0.198682
-0.0867987
0.442519
0.328313
0.766836
0.311763
0.479533
0.0038275
-0.0882718
-0.300263
-0.217256
0.0785528
0.360047
1.14666
-0.210504
0.618362
0.572409
-0.613726
0.916004
-0.088619
-0.199545
0.118035
0.296252
0.906674
0.271962
-0.639928
0.14732
-0.124104
0.267974
0.292013
0.625511
0.18953
0.607599
0.363354
0.226922
0.401475
0.855935
0.614357
-0.0988311
0.37438
0.281474
0.871611
0.321411
0.0677554
-0.512362
0.275395
0.673623
0.708517
-0.0534793
0.205405
0.615381
0.123781
-1.08551
0.630967
-0.466682
0.784242
-0.051379
0.507044
0.138506
-0.278609
0.214667
0.454102
0.200954
-0.0169769
0.327985
-0.404533
0.605959
-0.181442
0.231525
0.667392
0.408457
-0.219933
0.138593
0.126788
0.22971
-0.185222
-0.139255
0.449927
0.407316
0.360497
-0.17589
0.0318603
-0.072297
-0.220696
-0.648592
0.377583
0.155252
0.676438
0.219559
0.25002
0.196589
0.116798
-0.160012
-0.275802
0.625495
0.062985
