0.553974
-0.574463
-0.177701
0.24665
0.0237677
-0.332484
0.165965
0.0201754
-0.424415
0.413573
0.322115
0.451917
0.0367879
0.773298
0.844338
0.299017
0.508827
0.32311
-0.0764053
0.639897
0.650362
0.634882
0.704271
-0.00484981
0.00711058
0.163147
0.252099
-0.240868
0.0467302
0.201118
0.0233806
-0.352057
-0.332346
-0.475987
0.886115
0.304401
-0.499824
0.104081
0.589061
-0.0897921
0.204714
0.719077
0.508432
0.372241
-0.0827865
0.14979
0.126405
0.15133
0.0831721
-0.32488
0.587847
-0.318391
-0.138521
0.28373
-0.0230606
-0.278835
0.303586
0.051687
-0.0083095
-1.65912
-0.223122
0.127415
-0.450183
0.256556
0.0146184
0.641665
0.244752
0.497662
0.676956
0.953845
0.18108
0.471228
1.07745
0.648176
0.0684678
0.706938
0.340412
0.0383462
-0.0863599
0.125848
-0.381347
0.323484
0.122297
-0.589647
0.101895
0.364652
-0.0655759
0.186358
-0.478276
-0.00205573
0.257223
-0.0817505
0.117559
0.69177
0.943238
0.276206
-0.242067
0.14482
0.0600392
0.196077
0.307929
0.49804
0.0991697
0.30888
0.149612
-0.338058
0.723096
-0.687295
0.123752
0.101713
-0.0907944
-0.429985
0.437721
0.335811
0.428691
0.279853
0.24695
-0.357492
-0.537393
-0.0472806
0.274692
0.351245
-0.182745
-0.119618
0.152099
0.244607
-0.73144
-0.700663
0.220967
-0.153926
0.0209536
0.0237605
-0.153493
0.196717
0.168708
0.544067
0.274364
-0.020664
0.748522
0.73501
0.232036
0.700922
0.31101
0.130853
1.75162
0.782717
0.0598928
0.261005
0.404399
0.359979
1.17298
0.234238
-0.486586
-0.133711
0.328893
-0.221274
0.297295
0.265588
0.613774
0.409562
0.651314
0.717837
-0.10277
-0.0251732
0.311694
0.39924
0.545633
0.523073
0.195127
0.253521
-0.0208242
0.142686
-0.111086
0.689842
1.14651
-0.204823
-0.0377192
0.0899879
0.305488
-0.330911
0.21827
0.835578
-0.36511
0.122993
1.50614
-0.072502
0.890018
0.782047
0.476064
0.379596
-0.0411725
0.261428
0.177742
0.444234
0.520389
-0.260988
-0.0711719
0.182267
0.258416
0.726784
0.341522
0.267433
0.653614
0.429194
-0.325426
1.01833
0.0725352
0.32579
0.749424
0.309043
-0.153305
0.392062
0.0500799
0.275848
-0.124292
0.49349
-0.0558443
0.827875
0.270816
0.0103435
0.162502
0.471235
0.500872
0.0408308
-0.539139
0.00389053
0.295606
0.150337
0.144333
0.415494
0.226998
0.25678
0.124001
0.652623
0.155097
0.149982
0.449205
0.00503299
0.678419
0.483689
