0.640864
-0.167453
0.381859
0.0525014
0.136953
0.128577
0.333411
-0.027192
0.0667672
0.713333
0.482101
0.407817
0.380784
1.17218
1.20131
0.0927062
0.250532
0.301314
-0.369733
1.04503
0.391626
0.51666
0.614049
-0.0494998
0.259145
0.253204
-0.0669548
0.728097
0.495478
-0.199732
0.438374
0.304295
0.171291
-1.15721
1.20738
0.446953
-0.142345
0.139161
0.672048
-0.320412
0.264555
1.26582
0.574877
0.799681
-0.00439173
1.1036
0.599471
0.363763
-0.034003
0.0209856
1.47851
-0.783317
-0.0874849
0.483451
0.290899
0.0591984
0.519703
0.237702
0.226523
-0.966824
0.270705
0.84119
-0.193282
0.307658
0.490348
0.745127
0.344764
0.297035
0.951724
0.372068
-0.693199
0.146075
1.23895
1.20501
0.296716
0.973377
0.239841
0.395953
0.0495224
0.49701
-0.215888
0.636266
0.0858485
-0.5541
-0.0747705
0.762386
0.0993436
0.288016
-0.272338
-0.0573533
0.275562
0.300698
0.101444
0.799609
0.72101
0.701513
0.419042
0.772648
0.446403
0.700319
0.0574292
0.594311
-0.143398
0.502711
0.480261
0.0789047
0.937916
-0.484736
0.298121
0.544679
0.01854
-0.0877679
0.600376
0.601929
0.590754
0.338627
0.573322
-0.205554
-0.431811
0.282855
0.597466
-0.0980847
0.272243
0.249987
0.536617
0.244779
-0.589575
-0.670361
0.547041
0.48536
0.504017
0.68046
0.0383702
0.319235
0.345815
0.974351
0.322059
0.153235
1.0206
0.495781
0.408257
0.906283
0.802583
0.196903
1.49258
0.509018
0.197787
0.406624
0.636724
0.891455
0.885047
0.122612
0.0647522
0.714055
0.940632
-0.208883
0.157919
0.295001
0.432341
0.621801
0.606325
0.725043
0.462588
-0.159613
0.522671
0.701178
0.642899
0.718794
-0.190168
0.425596
0.183542
0.196309
-0.0333925
1.13839
1.21198
0.434171
0.380559
0.429939
0.440179
-0.25042
-0.224571
0.486509
0.160821
0.562023
1.01033
0.511505
0.960244
0.708823
0.776455
0.620902
0.0771748
0.33977
0.395789
0.479942
0.801109
0.228238
-0.492523
0.210739
1.35997
0.710399
0.777801
0.837732
0.464334
0.550238
0.452609
0.844695
0.159981
-0.28847
0.529824
-0.115103
0.0462441
0.783906
0.0751187
0.308843
0.219637
0.625473
-0.0366373
0.962006
0.64639
0.422303
-0.353109
0.00675999
0.333397
0.331105
-0.0510097
0.000184462
0.683953
0.128946
0.471223
0.357619
0.388107
0.226682
0.176174
1.26413
0.714602
0.52729
1.22565
0.292679
0.732547
0.456502
