0.471749
-0.0426321
-0.000491786
0.0370437
0.352686
-0.0556541
0.584463
0.433484
0.535406
0.804064
0.0976092
0.677935
0.0735281
1.70456
1.52713
0.312043
0.217738
0.848139
-0.113069
0.976753
0.213336
0.861753
1.08327
-0.275446
0.582771
0.26816
1.15661
0.826608
0.0571758
0.199447
0.320174
0.0386957
0.286461
-0.168987
0.533087
0.572375
0.291941
0.343605
0.363771
0.0150772
0.825408
1.2886
0.365746
0.161964
-0.200489
1.05923
0.244216
0.0700208
0.338173
-0.212038
0.736528
-0.443217
0.131783
0.4083
0.481654
-0.421829
0.261605
0.277116
-0.230805
-0.158334
1.03892
0.807128
-0.0904286
0.422227
0.49036
0.404541
0.124945
0.328918
1.21863
0.800232
1.08327
0.409509
1.18411
0.622416
0.169522
0.577821
0.534002
0.0613044
0.0324829
-0.508668
0.0517433
1.20475
0.303211
-0.31112
-0.115019
0.760443
0.560211
0.242574
-0.780604
-0.282444
0.362462
0.454099
1.02431
0.816002
1.41899
0.729362
0.405535
0.664637
0.348168
0.606214
0.110842
0.274761
0.482364
0.988649
-0.683061
-0.58378
0.470563
-0.565245
-0.222021
0.114228
0.825794
0.275203
0.240894
0.474137
0.68043
-0.0513516
0.102875
-0.533092
-0.11912
0.309681
0.32298
0.255521
0.04048
0.474363
0.523246
0.384155
-0.845425
-0.305579
0.277524
0.121321
0.0577768
1.1863
0.328225
0.0933434
0.810338
0.342836
0.2908
0.071336
0.365735
0.892397
0.738972
0.816502
0.763586
0.0629936
1.46895
0.770669
0.581766
0.924907
-0.0806154
1.19886
1.08165
0.515459
0.0312189
0.199567
0.566714
0.106008
0.107241
0.0611077
0.574643
0.238872
1.20434
0.308296
0.44285
-0.210358
0.432602
0.748081
0.64562
-0.0482777
0.315366
0.285357
-0.192732
-0.179493
0.0607955
0.478815
0.893797
-0.329873
-0.0924758
-0.10144
-0.0221312
-0.335933
-0.125419
1.50398
0.282921
0.676834
1.71463
0.102712
0.869985
0.0826196
0.540539
0.512356
0.351091
0.896057
-0.00158629
0.480474
-0.174505
-0.244305
-0.348486
0.0710979
0.763279
0.510101
1.36528
0.321713
0.884997
0.222915
-0.191567
1.34826
0.295727
0.0346749
0.380753
-0.961909
-0.481669
0.26651
0.200139
0.22197
-0.21466
0.700348
0.180008
0.973018
0.0332691
-0.0607877
0.875508
0.37484
0.457104
0.559956
-0.134042
0.242135
0.742764
0.271167
-0.182031
0.50651
0.241158
0.535605
-0.0430191
1.57896
0.147727
-0.614085
1.11948
0.561794
0.618366
0.507112
