0.0406526
0.0697719
-0.342529
0.283191
-0.112534
-0.0386505
-0.0149957
0.134609
-0.110663
0.0384127
0.202181
-0.195956
-0.29763
-0.468371
-0.0168544
0.382085
-0.262285
-0.0898608
0.111712
0.242906
-0.0286123
-0.0182695
0.178603
0.234687
-0.173808
0.51977
0.00883849
0.0963789
0.00102666
-0.150118
0.0359767
-0.102999
0.313455
-0.067959
0.122142
-0.558659
-0.163219
-0.449822
0.0713387
-0.0840689
0.0956311
-0.188613
-0.126987
-0.251529
0.0269059
-0.174141
1.30998
0.139059
0.0165011
0.214681
0.360509
-0.0618944
-0.0328978
0.267121
0.371048
-0.0452429
0.0948885
0.139202
0.368899
0.228788
0.407932
-0.0604944
-0.0214796
0.0971073
0.345927
0.228154
-0.132563
0.121417
-0.0883519
-0.155724
-0.287057
-0.0551536
0.134455
-0.0516824
-0.319376
-0.0137261
-0.0542545
0.131885
0.283899
-0.0219979
-0.221866
0.0369944
0.275185
0.115265
0.158067
-0.199127
0.257344
0.232979
0.035403
-0.106912
-0.0272827
0.257742
0.23969
-0.244567
-0.168581
-0.151409
-0.217284
-0.00122769
0.103081
0.244358
-0.262533
0.533987
0.210325
0.303944
0.210044
-0.0768225
0.402538
-0.0937593
0.185787
-0.286135
-0.339764
-0.0964969
-0.118753
0.200814
0.0251194
-0.255538
-0.587376
0.123245
0.299304
0.459293
0.166381
0.371216
0.300798
0.0180794
0.141906
-0.0828461
-0.0136071
-0.243187
-0.162588
0.0757134
-0.146734
-0.168601
0.00369641
0.106295
0.0729002
0.167158
0.189522
-0.133118
-0.456723
-0.294065
-0.338212
-0.000950666
-0.0779569
-0.051744
0.156814
-0.164012
-0.258139
0.310791
-0.331852
-0.234538
0.0310414
0.140474
0.270982
0.0150674
0.0734318
-0.315384
-0.110403
0.388155
0.0460012
0.182196
0.0595127
0.0307088
-0.0361827
-0.223621
-0.36556
0.104768
0.035927
-0.0409707
0.103913
0.037854
-0.0898557
-0.287555
-0.222964
0.097338
-0.389599
-0.725633
0.402407
0.00615939
0.0319472
0.42109
-0.104385
-0.206558
0.0607337
0.12066
-0.610987
0.0755604
-0.0122805
-0.137896
-0.165526
-0.0857247
-0.872703
-0.301624
-0.200931
-0.111741
-0.0127649
-0.343446
-0.129251
-0.166969
-0.133754
0.257525
0.224922
0.17789
0.0487953
-0.468974
0.237168
-0.0673056
-0.17252
0.114555
0.336925
0.163541
0.168794
0.397791
0.472741
0.131032
-0.349014
0.0691408
0.436766
0.345352
0.263457
0.783836
0.0937987
0.401638
0.101876
-0.249262
0.0927867
0.211448
0.100014
0.13033
-0.0112977
-0.167352
0.0432656
-0.0863871
-0.0994093
0.251875
0.125735
0.12404
-0.0446922
-0.175753
0.0526036
0.117811
