-0.290557
0.189667
0.21589
0.467445
0.203271
0.383093
0.388245
0.471943
0.203803
0.230112
0.317296
-0.155863
0.113679
0.338347
0.234782
0.885576
0.0974781
0.556292
0.225767
0.747024
0.300835
0.62563
0.0623455
0.732936
0.0591684
0.220367
0.0313547
0.184944
0.424427
0.38231
0.576387
0.639605
0.144329
0.411555
0.470136
-0.00529582
0.458058
-0.302184
0.165115
0.297614
0.10242
0.555016
0.10538
0.756738
0.433778
0.154249
1.29644
-0.103123
0.371344
-0.105115
0.828635
0.801485
0.131173
0.760705
0.29498
-0.575172
0.406186
-0.29359
0.953061
0.330556
-0.00167827
0.326134
-0.0195379
0.763599
0.385264
0.819159
-0.0384291
0.127368
0.28009
0.598963
-0.0509073
0.079381
0.239554
0.550176
-0.0735143
0.34861
0.400917
0.79426
0.42184
0.577556
0.0241221
0.118081
0.243339
0.180139
0.140469
0.7583
0.151165
0.354353
-0.450001
-0.380849
-0.452163
0.95626
0.428284
-0.604258
-0.0705407
-0.200702
0.250527
0.439618
0.295514
0.0717753
0.10357
0.622964
0.370841
0.0110062
0.108931
0.390218
0.498395
0.000108138
0.706055
0.242131
0.600514
-0.142441
0.0763729
0.302091
0.173779
0.0158636
-0.0606156
0.25253
0.129621
0.00233458
0.142628
0.0743155
-0.102682
0.152
-0.157229
-0.0482005
-0.0317684
0.199577
0.535202
0.359279
0.135013
0.205997
0.0956329
0.162583
0.510249
0.149199
0.118989
-0.0485288
0.0415698
0.343441
-0.19131
0.518252
0.11152
0.336944
-0.0277726
0.152615
0.439933
-0.0166734
-0.0941549
-0.0912853
-0.0553031
0.143711
-0.110178
0.316414
0.625804
-0.104579
0.487575
0.495946
-0.126699
0.331463
0.14884
0.326487
0.342322
-0.03718
0.0610324
0.0864067
0.135796
0.517781
0.663004
0.0866374
0.404899
0.121831
-0.206771
0.428079
0.167755
-1.08615
0.225805
0.632173
-0.151096
0.721134
-0.430591
0.166758
0.269563
0.785764
-0.353081
-0.0431175
-0.165517
0.690513
0.313402
0.222438
-0.912459
0.00691961
-0.294569
0.301586
0.0344544
0.05638
0.30979
0.732586
-0.273861
0.382034
0.211308
0.541259
0.0250125
-0.532066
0.644454
0.351044
0.395479
0.164394
0.342763
0.320242
0.26941
0.53459
0.78432
0.662051
0.0718816
0.36289
0.624225
0.423363
0.130912
0.556916
0.179545
0.0920694
0.261982
0.294961
0.287924
-0.163709
0.553943
0.698449
0.306282
0.30764
0.0756673
0.527444
0.3411
1.54508
0.644201
0.00664527
0.100679
-0.180168
0.0160468
-0.222836
