0.00739948
0.0264838
-0.386716
0.0404267
-0.110785
-0.204568
0.252325
0.220209
-0.199997
-0.188113
0.29353
-0.266531
-0.30525
-0.277755
0.0247401
0.273342
0.0729286
0.0917374
0.33508
0.388628
0.228913
0.125854
0.242186
0.325575
-0.147809
0.407068
0.110633
0.246631
-0.0115097
0.418294
-0.0646823
-0.0756076
0.709366
0.293524
0.0514903
-0.0344574
0.0517431
-0.227284
0.424832
0.266401
-0.0823253
-0.0123117
0.0264294
0.186124
0.395078
0.0992019
1.55394
0.241973
-0.101171
0.14534
0.419913
0.643179
-0.0364334
0.176273
0.233285
0.258036
0.43066
0.198527
0.535928
0.267257
0.317391
-0.115571
0.0054651
0.276182
0.215987
0.825068
-0.295354
0.212872
0.214795
0.288195
-0.00996442
0.251037
0.333936
0.181065
-0.110078
0.303463
0.326339
0.33352
0.697354
0.254815
-0.244878
0.136552
0.284102
0.177961
0.779876
0.000660381
0.0115948
0.175727
-0.378171
-0.266346
-0.432584
0.304534
0.309784
-0.318212
0.352033
-0.161732
0.424141
0.28352
0.191709
0.168895
0.349687
0.0889012
0.340454
0.4254
-0.0277198
-0.0129862
0.582124
0.441851
0.327953
0.272946
-0.0761364
-1.05066
-0.0234273
0.0222198
0.431624
-0.0960786
-0.376654
0.0599413
0.210405
0.240172
-0.123632
0.109604
0.12143
0.0522212
-0.325513
0.138587
0.426815
0.0253906
-0.146984
0.531971
0.481664
0.191942
0.227215
0.192242
0.578401
0.158926
0.341631
-0.188869
-0.647308
-0.0266068
-0.165546
0.579387
-0.0284118
0.294554
0.0290515
-0.0483861
0.236685
0.266424
-0.186312
-0.114104
0.00984972
0.212033
0.0562985
-0.0410645
0.622483
-0.325509
0.147235
0.744455
0.353739
0.127416
0.0723128
0.604882
0.291614
0.0150434
-0.0475535
0.224265
0.163206
0.296122
0.621818
0.000214641
0.132132
-0.650623
-0.0503187
0.373579
-0.119199
-1.06233
0.597966
0.300171
0.0553036
0.372212
-0.266288
0.228211
-0.244514
0.917199
-0.814277
-0.0500502
0.101973
0.436528
0.0479292
0.7966
-1.41471
0.13618
-0.275147
0.381715
-0.0784897
0.249925
0.543918
0.383206
0.00325914
0.370351
0.277453
0.527421
0.305905
-0.464414
-0.0864323
-0.274632
0.175003
0.69743
0.457114
0.329499
0.0749046
0.162909
0.10256
0.447491
-0.0923278
0.2896
0.562885
0.401359
0.449496
1.30815
0.269475
0.168647
-0.0802702
0.110478
0.320679
0.777695
0.378325
0.246543
0.23187
0.0194486
0.213141
0.0591116
0.0762431
0.94729
0.220614
-0.0615112
0.0557053
-0.364574
-0.173618
0.020681
