0.284586
-0.14773
0.579112
0.0302225
0.639283
0.963644
-0.606875
0.438253
0.363001
0.394214
0.367889
0.0518741
0.127954
-0.000793718
0.574214
0.391195
0.81521
0.561696
0.156905
0.961161
1.28897
1.08708
1.23014
0.169324
0.838053
-0.686529
0.828813
0.777375
0.150731
0.494971
-0.0888079
0.478538
0.891827
0.665164
0.573619
0.872408
0.28469
0.385825
0.605946
0.156293
0.574557
-0.538038
0.479973
0.482361
0.311033
0.483599
0.499849
-0.330988
0.443879
0.549997
0.63804
0.544052
0.806621
0.279263
0.286589
-0.565622
-0.731348
0.174739
0.0948009
-0.490635
0.48941
0.522158
0.410758
0.511021
-0.585186
-0.840914
-0.116043
-0.229228
0.0598472
0.046581
0.561833
0.460165
0.582668
0.591151
-0.13159
0.222393
0.203959
0.00231836
0.840913
0.802744
0.587743
0.689455
0.109411
-0.257004
0.343089
0.126125
0.76152
-0.250248
0.069977
0.796191
0.242947
0.303195
-0.194644
0.871035
0.523551
-0.202085
0.631911
0.22552
0.0431288
1.00779
0.283552
-0.184736
0.406772
-0.439097
1.20065
1.05189
0.0571944
0.30384
0.120559
-0.0482109
0.709866
-0.454242
-0.352018
0.44712
0.792083
0.212773
0.695701
0.783821
0.709312
0.649299
0.747298
0.480359
-0.235176
0.869087
-0.737317
0.0643816
0.769144
0.417385
0.616621
0.0319707
0.328682
0.35009
0.46686
0.325001
0.419755
0.507343
-0.683372
-0.0881992
0.575945
-0.126755
-0.117598
0.0308375
0.40053
-0.266549
-0.238958
-0.32807
0.165032
0.271965
0.895129
0.96422
0.0375277
0.552475
0.336397
0.577235
0.643728
-0.0297518
-0.1234
0.146344
1.17113
0.531871
1.10153
0.173728
-0.0211674
0.240342
0.585615
0.368149
0.179546
-0.178296
0.483716
-0.111807
0.263744
-1.17574
0.658046
0.0873216
-0.0139277
0.266374
0.902532
0.474857
0.335409
-0.588711
0.382491
1.31249
0.389686
0.250913
0.589958
0.306902
0.773785
1.62455
1.04761
0.0418333
0.520925
0.291176
0.262532
0.572512
-0.0271514
0.634882
0.500863
0.255084
0.213356
0.424272
0.540049
0.322131
0.810965
-0.000103545
-0.0311655
0.386616
0.718958
0.129777
0.162718
0.237615
1.15178
0.0115946
0.473309
0.231929
0.078013
0.478807
0.117029
0.683348
0.461146
-0.0923236
0.907106
-0.0877596
0.0790526
0.592343
0.813074
0.290346
0.0903057
0.016818
0.222798
1.07813
0.437561
0.895035
0.441401
1.00656
0.0332373
0.399085
1.20426
0.583574
0.813123
0.579461
