0.108193
0.537035
0.50945
0.00194882
1.08142
-0.0975571
-0.167219
-0.227782
0.648584
-0.332438
0.325774
0.00213222
-0.272799
0.251344
0.282482
-0.273578
0.0103607
-0.698718
-0.241804
0.669711
0.69129
0.727799
0.868572
0.70277
0.35212
0.132467
0.428354
0.256294
-0.579375
0.353233
-0.944279
-0.269352
0.679165
-0.350884
-0.254539
0.440338
0.282898
0.224911
0.271449
-0.0510887
0.418111
-0.882551
0.346792
0.458513
0.114889
-0.0329209
-0.0810661
-0.0157307
0.202768
0.331436
-0.339511
0.0880986
0.518249
0.0532416
0.355906
-0.25902
-0.36582
-0.185401
0.110049
-0.892433
0.328446
0.0545108
0.61952
-0.265537
0.0219563
-0.976746
-0.533827
-0.327687
-1.69433
-0.626667
0.60059
-0.0243171
0.131634
-0.0829909
-0.74325
-1.39818
-0.437506
-0.113474
0.55807
-0.162999
1.30578
0.708915
0.714915
0.1058
0.648085
-0.272729
-0.372212
0.359385
0.27257
1.10032
-0.21277
-0.0805225
-0.321211
0.675201
0.63408
-0.207526
-0.179684
0.598409
-0.0603014
0.373217
-0.0259979
-0.269728
0.28307
-0.232737
0.524352
-0.039329
-0.538072
0.244741
0.0684973
0.0796097
0.0287313
-0.238096
-0.119584
0.535962
0.294938
0.0536463
0.270061
0.718149
0.346746
0.402659
0.641166
0.173309
-0.112508
0.359621
-0.508704
0.273206
0.485679
0.185686
0.218523
0.259977
0.279958
-0.527568
-0.0296066
-0.639646
0.484704
0.0782415
-0.710768
0.331407
0.435707
-0.461977
-0.195842
0.192328
0.243472
-0.415235
0.00465164
0.440572
-0.289194
-0.0221762
0.287008
0.792837
-0.345636
0.252662
0.572543
0.335165
-0.549527
0.404903
0.0321959
0.0173473
-0.318148
-0.484372
0.0144946
-0.167883
-0.0391345
0.301257
0.523113
-0.591847
-0.137928
0.209883
-0.0364263
0.182591
0.349206
-0.855006
-0.0316444
0.0182823
-0.503868
-0.744596
1.16598
-0.0685303
-0.1049
-0.400119
-0.178014
0.956784
0.231635
-0.0482609
0.410097
0.29869
0.367831
0.144038
0.809465
0.279383
0.459721
-0.249704
0.419837
0.745326
0.739631
-0.416488
0.477062
-0.0529735
0.176532
0.297717
0.548632
0.693748
0.0775572
-0.512977
-0.160203
-0.387839
0.60217
-0.0850723
-0.0890458
0.497273
1.33256
0.340457
0.597564
0.471187
-0.121133
0.650158
0.277039
-0.205502
-0.25074
0.351433
0.881824
-0.221905
0.437863
0.671518
0.494165
0.188337
0.453704
-0.862611
0.535195
0.665526
0.208836
0.601957
-0.0618092
0.16562
-0.674033
0.0214643
0.448279
0.459931
0.177866
0.368752
