0.148743
1.17496
0.775144
0.546957
0.705384
1.14074
0.465415
0.678063
0.669747
0.751777
0.772012
0.460592
0.133756
-0.2257
0.108592
0.412821
0.660487
0.59355
0.159939
0.830557
1.67823
1.76908
1.51632
0.731141
0.60501
-0.347655
1.45769
0.766634
0.0700766
0.201543
-0.304112
0.0423923
1.29289
1.39032
0.0182124
0.688314
0.413589
0.733326
1.38727
0.300428
0.673016
0.248748
0.567636
0.0709542
0.408404
-0.117521
0.397837
0.123697
0.414394
0.367286
0.247643
0.662302
1.40365
-0.200723
0.660559
0.473509
0.160431
-0.167958
0.0352047
0.695711
1.16782
0.09038
0.68289
-0.172269
-0.728467
-0.253917
0.126633
-0.149317
-0.846284
-0.586758
0.277936
-0.0510114
0.49499
0.342495
-1.23734
0.355227
0.476652
0.4404
1.38213
0.188195
0.770691
0.656119
0.481834
0.146312
1.05641
0.815521
0.263964
0.159048
-0.0264506
0.675996
0.464056
0.490825
-0.109728
1.1776
0.552965
-0.773528
0.57107
0.0667154
-0.732562
0.675335
0.505525
1.01432
0.854433
0.689388
1.60301
0.839986
-0.37575
0.774269
0.658275
-0.782078
0.133107
-0.353177
-0.231975
-0.375995
0.932714
0.321618
0.803658
1.40796
0.674649
0.733137
0.699473
0.441395
-0.0689746
0.312597
-0.423548
0.00419481
1.4493
0.968834
0.805428
1.18148
-0.12399
-0.059258
0.508547
-0.0189771
0.532232
0.991252
0.789813
0.0213058
0.60954
0.44767
0.479747
-0.0188729
0.320331
-0.376415
0.135205
-0.20098
0.266686
0.393574
0.722463
0.734645
-0.221265
-0.257954
1.06894
0.5383
0.659583
0.322304
0.418421
0.745386
0.678348
0.168185
0.851232
0.0760431
0.12813
0.599846
0.506759
0.0586878
0.550031
-0.757069
0.661149
0.434251
0.940473
-0.442337
0.985908
0.827635
0.494551
-0.0910029
0.816749
0.999739
0.167026
-0.450435
-0.139252
1.46611
-0.134023
0.284011
0.672975
0.698863
0.333933
1.88643
1.67105
0.567514
1.02422
0.13494
1.00532
0.622214
0.367715
0.784716
0.970941
0.699862
0.862251
0.461599
0.912126
1.00008
0.595579
0.231676
0.384816
0.620623
1.19283
0.384099
0.390828
-0.249236
1.00354
0.309467
-0.0615509
1.32829
0.261877
1.31425
0.570315
0.0594169
0.769594
1.39515
0.965102
0.110623
-0.324385
0.063157
1.64731
0.662977
0.0459115
-0.252689
1.42317
0.113452
0.449055
0.312689
0.713208
0.383744
-0.2163
0.482563
0.901206
0.806963
-0.359059
0.552287
