0.153333
0.300528
0.193384
-0.34168
-0.287748
-0.136015
-0.291163
0.103941
-0.185598
0.307099
0.438539
-0.0375276
-0.0704004
0.199167
-0.0448948
0.252918
0.477619
-0.515501
-0.0724966
0.0104881
0.053056
-0.187277
0.470753
-0.130826
-0.219234
-0.378485
-0.0116351
0.320701
0.205269
0.0951612
-0.241457
0.668952
0.226642
0.344334
0.202099
0.451909
0.408972
-0.0556288
-0.226771
0.288442
-0.0169689
0.0191044
0.0153218
0.173698
0.446361
-0.038311
0.066941
-0.0568621
0.372105
0.0545765
-0.0392539
0.305102
0.250252
-0.139494
0.409453
0.445015
-0.607509
-0.283925
-0.0831721
0.0262718
-0.443545
-0.0339348
0.00460403
-0.30176
-0.308972
0.0513873
-0.682537
-0.0261986
0.126913
-0.852766
-0.344442
0.328683
0.190773
-0.0473973
-0.383622
0.326368
0.505268
-0.612553
-0.839851
0.267195
-0.243047
-0.327215
-0.029994
-0.190959
-0.916166
-0.0321075
0.327154
-0.0953968
-0.511586
0.135457
-0.247471
-0.670585
0.0577381
-0.062133
-0.365418
-0.47294
0.187003
0.272854
0.033338
0.0119031
-0.566106
0.324912
-0.125353
0.688183
-0.777654
-0.0444045
-0.428511
0.183568
-0.183309
-0.765304
0.336578
0.323744
-0.329963
0.367696
0.376229
0.23981
0.020443
-0.257834
-0.0569193
-0.0816711
-0.669318
-0.440959
0.326873
-0.199116
-0.1182
0.103653
-0.352851
0.468685
0.16021
0.445682
-0.204504
-0.654347
0.206455
0.869145
-0.211566
-0.0613778
0.0766444
0.300268
-0.302392
-0.191947
0.319502
-0.211638
0.041481
-0.0354557
0.0018149
0.0045618
0.355734
-0.151719
0.227404
-0.370152
0.461137
0.140303
-0.321527
0.0375097
-0.381753
0.04822
0.190763
0.26
0.655898
0.42465
-0.140648
0.568598
-0.0539102
-0.298543
-0.000148274
0.01863
0.0839676
0.127126
0.240406
-0.7186
-0.0360738
0.138745
0.34929
0.0986616
-0.21934
-0.166688
0.618042
0.399737
0.431238
0.0955115
0.0846365
0.508444
0.230725
0.19749
0.2334
0.682387
0.0148601
0.407032
-0.383911
-0.303643
-0.00809049
-0.174459
0.267487
-0.306794
0.0372851
0.056652
0.206001
-0.0520707
0.223145
-0.0676386
0.676575
0.132768
-0.106195
-0.916254
-0.153192
0.0907437
0.212141
0.092242
0.00263367
0.27599
-0.612703
0.301675
0.162842
-0.500505
0.186449
0.286329
0.663372
0.8505
0.363657
0.0521861
-0.134221
0.0647804
0.186235
0.759533
0.0295305
0.342566
0.5707
0.0642379
0.430512
-0.0533294
0.444604
-0.141129
-0.533407
-0.388399
-0.10305
0.507985
-0.128956
-0.118272
0.0174854
-0.259359
