0.307826
0.550465
-0.0335409
-0.225262
0.132153
0.550424
0.614181
0.445524
-0.3902
0.321748
0.322346
0.355693
0.325325
0.236528
0.522293
-0.110573
0.335203
-0.131643
0.428338
0.366675
0.33847
-0.117264
0.44961
0.0121254
0.141186
0.72598
0.430147
1.22242
0.27108
0.365314
0.46507
0.39678
0.446726
0.425256
-0.160082
0.431156
0.267799
0.547185
0.555421
0.589783
0.0265701
0.303101
0.465623
0.539221
-0.0375834
0.712669
0.44482
0.227308
0.289721
0.270243
0.295305
0.595087
0.287321
0.218143
-0.24359
0.473827
-0.375301
0.310052
0.611332
0.368696
0.160009
0.0908125
0.0765758
0.167282
0.703479
0.0115816
0.420526
0.453196
0.630011
0.263559
0.426396
0.570582
0.494005
0.00743635
0.231826
0.67989
1.10193
0.00480788
-0.345036
-0.0105035
-0.177522
-0.217548
0.42936
0.327127
-0.0342772
0.6045
0.481126
0.21192
0.485958
0.0621685
0.110946
-0.866551
0.359503
0.415387
0.492483
0.271273
0.249178
1.06663
0.217689
0.419885
-0.108259
0.428792
0.0869256
0.6564
-0.930384
-0.121339
0.312941
1.04479
0.192022
0.0589997
0.518003
0.679222
0.500078
0.280841
0.488985
0.37209
0.560573
0.360381
0.731578
0.0911293
0.307295
0.047424
0.151122
0.264758
0.38519
0.449615
0.505687
0.566581
1.14701
0.595843
-0.297434
-1.00998
0.288093
0.0464612
0.319438
-0.269991
0.199312
0.748602
0.188771
0.262172
0.471205
0.213483
0.0986759
-0.353028
0.0845092
0.213006
0.203349
0.0450664
0.112356
0.133508
-0.0256888
-0.280189
0.0427749
0.449883
-0.0193542
-0.0918451
0.574386
-0.50757
-0.806166
0.539723
0.117662
0.146979
0.621367
0.00117401
0.250403
0.408032
0.198814
0.478435
0.448507
-1.07101
-0.136701
0.304881
0.165003
0.0790797
-0.77629
0.0622471
-0.232103
0.276069
-0.11185
-0.0371966
0.319423
0.463177
0.709691
0.414027
-0.0811668
0.367166
0.153637
0.24437
-0.195476
-0.00872051
-0.0616359
0.582973
0.231464
0.0175995
-0.27028
0.552158
-0.369824
0.110122
0.812865
0.383744
0.613447
0.161613
-0.109625
-0.799423
-0.191067
-0.0711782
0.503006
0.206539
-0.502087
0.165142
-0.541821
-0.0631737
-0.0766139
-0.993481
-0.0777185
0.272348
-0.0131382
0.387785
0.383586
0.634715
0.347468
0.321482
-0.0140451
0.768082
0.229826
0.228186
0.428526
0.487508
-0.22247
0.673721
0.198575
0.154111
-0.245137
-0.0375193
0.678678
0.395054
0.271669
0.533029
0.0836042
-0.00239554
