0.344628
0.299777
0.214302
0.0424689
-0.049013
0.0172513
0.648484
0.249551
0.258433
0.778384
0.400714
0.152877
0.337692
0.586957
0.114924
0.058678
0.60987
-0.132462
0.283759
0.507142
0.270653
0.118956
0.827053
0.391043
0.192207
0.234659
-0.0896665
0.22982
0.452027
0.225445
0.107935
0.827567
0.0216782
0.761197
0.344682
0.264521
0.287448
-0.0170115
0.104452
0.496079
0.290313
0.595908
0.262062
0.488816
0.754772
0.493285
0.539466
0.423082
0.829984
0.0534934
-0.147273
0.0338769
0.448965
-0.0373217
0.665365
0.612499
-0.397774
0.29054
0.392123
0.282066
0.116809
0.504573
0.541462
0.31371
0.269039
0.38825
0.014948
0.349691
0.474777
-0.0536062
0.669878
0.878898
-0.100644
0.363131
-0.0517832
0.510477
0.901528
-0.228517
-0.537126
0.602252
0.345465
0.166386
0.0209959
0.333582
-0.574367
0.573203
0.577993
0.0146526
-0.0533055
0.865352
0.206378
-0.160104
0.6793
0.100544
0.169733
-0.0966006
0.189513
0.640878
-0.0132842
0.0776345
-0.867304
0.411185
0.364574
0.553722
-0.896886
0.166778
-0.101118
0.558135
-0.0893329
-0.089307
0.882826
0.711795
0.240988
0.978423
0.54626
0.587008
0.493835
0.412923
0.793462
0.279249
0.174183
0.0208026
0.860062
0.445417
0.365542
0.657194
0.0471566
0.476832
0.757877
0.966476
-0.110324
-0.429327
0.59306
0.477397
0.108299
0.153878
0.41551
0.904309
0.273735
0.393163
0.594161
-0.0967115
0.653919
0.284901
0.472895
0.323891
0.214405
0.046994
0.471766
0.0598171
0.459758
0.480445
-0.219675
0.388712
-0.0987972
0.542695
0.375826
0.025038
0.619391
0.752009
0.190122
0.435242
0.293706
0.342245
-0.16071
0.284933
0.635976
0.7659
0.415664
-0.676074
0.34674
0.258988
0.727741
0.522135
0.136315
0.321489
0.556802
0.640747
0.510839
0.117298
0.501037
0.448949
0.651747
0.422467
0.817267
0.991721
0.474968
0.616436
0.167508
0.0600812
0.231861
0.355714
0.651168
-0.104657
0.131927
0.765803
0.0780763
0.199701
0.533482
0.506652
1.04838
0.891923
0.386489
-0.099508
0.252743
0.621813
0.785382
0.245374
0.490312
0.625962
-0.448582
0.73393
0.375399
-0.214289
0.114973
0.650873
1.05531
1.01226
0.679018
0.363258
0.558105
0.748098
0.625975
0.890699
0.336088
0.644781
0.801446
0.642354
0.697931
0.777028
0.838675
0.246557
-0.311
0.125951
0.295923
0.680305
0.550715
0.201587
0.101352
-0.141234
